1 3.0000000000000000e+02 1.0000000000000000e+02
2 3.0000000000000000e+02 0.0000000000000000e+00
3 3.5000000000000000e+02 0.0000000000000000e+00
4 3.5000000000000000e+02 1.0000000000000000e+02
5 2.0000000000000000e+02 1.0000000000000000e+02
6 2.0000000000000000e+02 0.0000000000000000e+00
7 1.7812500000000000e+02 1.0000000000000000e+02
8 1.7812500000000000e+02 0.0000000000000000e+00
9 1.7187500000000000e+02 0.0000000000000000e+00
10 1.7187500000000000e+02 1.0000000000000000e+02
11 1.5000000000000000e+02 1.0000000000000000e+02
12 1.5000000000000000e+02 0.0000000000000000e+00
13 5.0000000000000000e+01 1.0000000000000000e+02
14 5.0000000000000000e+01 0.0000000000000000e+00
15 0.0000000000000000e+00 1.0000000000000000e+02
16 0.0000000000000000e+00 0.0000000000000000e+00
17 1.7375000000000000e+02 0.0000000000000000e+00
18 1.7375000000000000e+02 2.0000000000000000e+01
19 1.7625000000000000e+02 2.0000000000000000e+01
20 1.7625000000000000e+02 0.0000000000000000e+00
21 3.0000000000000000e+02 9.7500000000000000e+01
22 3.0000000000000000e+02 9.5000000000000000e+01
23 3.0000000000000000e+02 9.2500000000000000e+01
24 3.0000000000000000e+02 9.0000000000000000e+01
25 3.0000000000000000e+02 8.7500000000000000e+01
26 3.0000000000000000e+02 8.5000000000000000e+01
27 3.0000000000000000e+02 8.2500000000000000e+01
28 3.0000000000000000e+02 8.0000000000000000e+01
29 3.0000000000000000e+02 7.7500000000000000e+01
30 3.0000000000000000e+02 7.5000000000000000e+01
31 3.0000000000000000e+02 7.2500000000000000e+01
32 3.0000000000000000e+02 7.0000000000000000e+01
33 3.0000000000000000e+02 6.7500000000000000e+01
34 3.0000000000000000e+02 6.5000000000000000e+01
35 3.0000000000000000e+02 6.2500000000000000e+01
36 3.0000000000000000e+02 6.0000000000000000e+01
37 3.0000000000000000e+02 5.7500000000000000e+01
38 3.0000000000000000e+02 5.5000000000000000e+01
39 3.0000000000000000e+02 5.2500000000000000e+01
40 3.0000000000000000e+02 5.0000000000000000e+01
41 3.0000000000000000e+02 4.7500000000000000e+01
42 3.0000000000000000e+02 4.5000000000000000e+01
43 3.0000000000000000e+02 4.2500000000000000e+01
44 3.0000000000000000e+02 4.0000000000000000e+01
45 3.0000000000000000e+02 3.7500000000000000e+01
46 3.0000000000000000e+02 3.5000000000000000e+01
47 3.0000000000000000e+02 3.2500000000000000e+01
48 3.0000000000000000e+02 3.0000000000000000e+01
49 3.0000000000000000e+02 2.7500000000000000e+01
50 3.0000000000000000e+02 2.5000000000000000e+01
51 3.0000000000000000e+02 2.2500000000000000e+01
52 3.0000000000000000e+02 2.0000000000000000e+01
53 3.0000000000000000e+02 1.7500000000000000e+01
54 3.0000000000000000e+02 1.5000000000000000e+01
55 3.0000000000000000e+02 1.2500000000000000e+01
56 3.0000000000000000e+02 1.0000000000000000e+01
57 3.0000000000000000e+02 7.5000000000000000e+00
58 3.0000000000000000e+02 5.0000000000000000e+00
59 3.0000000000000000e+02 2.5000000000000000e+00
60 3.1250000000000000e+02 0.0000000000000000e+00
61 3.2500000000000000e+02 0.0000000000000000e+00
62 3.3750000000000000e+02 0.0000000000000000e+00
63 3.5000000000000000e+02 2.5000000000000000e+00
64 3.5000000000000000e+02 5.0000000000000000e+00
65 3.5000000000000000e+02 7.5000000000000000e+00
66 3.5000000000000000e+02 1.0000000000000000e+01
67 3.5000000000000000e+02 1.2500000000000000e+01
68 3.5000000000000000e+02 1.5000000000000000e+01
69 3.5000000000000000e+02 1.7500000000000000e+01
70 3.5000000000000000e+02 2.0000000000000000e+01
71 3.5000000000000000e+02 2.2500000000000000e+01
72 3.5000000000000000e+02 2.5000000000000000e+01
73 3.5000000000000000e+02 2.7500000000000000e+01
74 3.5000000000000000e+02 3.0000000000000000e+01
75 3.5000000000000000e+02 3.2500000000000000e+01
76 3.5000000000000000e+02 3.5000000000000000e+01
77 3.5000000000000000e+02 3.7500000000000000e+01
78 3.5000000000000000e+02 4.0000000000000000e+01
79 3.5000000000000000e+02 4.2500000000000000e+01
80 3.5000000000000000e+02 4.5000000000000000e+01
81 3.5000000000000000e+02 4.7500000000000000e+01
82 3.5000000000000000e+02 5.0000000000000000e+01
83 3.5000000000000000e+02 5.2500000000000000e+01
84 3.5000000000000000e+02 5.5000000000000000e+01
85 3.5000000000000000e+02 5.7500000000000000e+01
86 3.5000000000000000e+02 6.0000000000000000e+01
87 3.5000000000000000e+02 6.2500000000000000e+01
88 3.5000000000000000e+02 6.5000000000000000e+01
89 3.5000000000000000e+02 6.7500000000000000e+01
90 3.5000000000000000e+02 7.0000000000000000e+01
91 3.5000000000000000e+02 7.2500000000000000e+01
92 3.5000000000000000e+02 7.5000000000000000e+01
93 3.5000000000000000e+02 7.7500000000000000e+01
94 3.5000000000000000e+02 8.0000000000000000e+01
95 3.5000000000000000e+02 8.2500000000000000e+01
96 3.5000000000000000e+02 8.5000000000000000e+01
97 3.5000000000000000e+02 8.7500000000000000e+01
98 3.5000000000000000e+02 9.0000000000000000e+01
99 3.5000000000000000e+02 9.2500000000000000e+01
100 3.5000000000000000e+02 9.5000000000000000e+01
101 3.5000000000000000e+02 9.7500000000000000e+01
102 3.3750000000000000e+02 1.0000000000000000e+02
103 3.2500000000000000e+02 1.0000000000000000e+02
104 3.1250000000000000e+02 1.0000000000000000e+02
105 2.0000000000000000e+02 9.7500000000000000e+01
106 2.0000000000000000e+02 9.5000000000000000e+01
107 2.0000000000000000e+02 9.2500000000000000e+01
108 2.0000000000000000e+02 9.0000000000000000e+01
109 2.0000000000000000e+02 8.7500000000000000e+01
110 2.0000000000000000e+02 8.5000000000000000e+01
111 2.0000000000000000e+02 8.2500000000000000e+01
112 2.0000000000000000e+02 8.0000000000000000e+01
113 2.0000000000000000e+02 7.7500000000000000e+01
114 2.0000000000000000e+02 7.5000000000000000e+01
115 2.0000000000000000e+02 7.2500000000000000e+01
116 2.0000000000000000e+02 7.0000000000000000e+01
117 2.0000000000000000e+02 6.7500000000000000e+01
118 2.0000000000000000e+02 6.5000000000000000e+01
119 2.0000000000000000e+02 6.2500000000000000e+01
120 2.0000000000000000e+02 6.0000000000000000e+01
121 2.0000000000000000e+02 5.7500000000000000e+01
122 2.0000000000000000e+02 5.5000000000000000e+01
123 2.0000000000000000e+02 5.2500000000000000e+01
124 2.0000000000000000e+02 5.0000000000000000e+01
125 2.0000000000000000e+02 4.7500000000000000e+01
126 2.0000000000000000e+02 4.5000000000000000e+01
127 2.0000000000000000e+02 4.2500000000000000e+01
128 2.0000000000000000e+02 4.0000000000000000e+01
129 2.0000000000000000e+02 3.7500000000000000e+01
130 2.0000000000000000e+02 3.5000000000000000e+01
131 2.0000000000000000e+02 3.2500000000000000e+01
132 2.0000000000000000e+02 3.0000000000000000e+01
133 2.0000000000000000e+02 2.7500000000000000e+01
134 2.0000000000000000e+02 2.5000000000000000e+01
135 2.0000000000000000e+02 2.2500000000000000e+01
136 2.0000000000000000e+02 2.0000000000000000e+01
137 2.0000000000000000e+02 1.7500000000000000e+01
138 2.0000000000000000e+02 1.5000000000000000e+01
139 2.0000000000000000e+02 1.2500000000000000e+01
140 2.0000000000000000e+02 1.0000000000000000e+01
141 2.0000000000000000e+02 7.5000000000000000e+00
142 2.0000000000000000e+02 5.0000000000000000e+00
143 2.0000000000000000e+02 2.5000000000000000e+00
144 2.1250000000000000e+02 0.0000000000000000e+00
145 2.2500000000000000e+02 0.0000000000000000e+00
146 2.3750000000000000e+02 0.0000000000000000e+00
147 2.5000000000000000e+02 0.0000000000000000e+00
148 2.6250000000000000e+02 0.0000000000000000e+00
149 2.7500000000000000e+02 0.0000000000000000e+00
150 2.8750000000000000e+02 0.0000000000000000e+00
151 2.8750000000000000e+02 1.0000000000000000e+02
152 2.7500000000000000e+02 1.0000000000000000e+02
153 2.6250000000000000e+02 1.0000000000000000e+02
154 2.5000000000000000e+02 1.0000000000000000e+02
155 2.3750000000000000e+02 1.0000000000000000e+02
156 2.2500000000000000e+02 1.0000000000000000e+02
157 2.1250000000000000e+02 1.0000000000000000e+02
158 1.9756944274902344e+02 1.0000000000000000e+02
159 1.9513888549804688e+02 1.0000000000000000e+02
160 1.9270832824707031e+02 1.0000000000000000e+02
161 1.9027777099609375e+02 1.0000000000000000e+02
162 1.8784722900390625e+02 1.0000000000000000e+02
163 1.8541667175292969e+02 1.0000000000000000e+02
164 1.8298611450195312e+02 1.0000000000000000e+02
165 1.8055555725097656e+02 1.0000000000000000e+02
166 1.7812500000000000e+02 9.7500000000000000e+01
167 1.7812500000000000e+02 9.5000000000000000e+01
168 1.7812500000000000e+02 9.2500000000000000e+01
169 1.7812500000000000e+02 9.0000000000000000e+01
170 1.7812500000000000e+02 8.7500000000000000e+01
171 1.7812500000000000e+02 8.5000000000000000e+01
172 1.7812500000000000e+02 8.2500000000000000e+01
173 1.7812500000000000e+02 8.0000000000000000e+01
174 1.7812500000000000e+02 7.7500000000000000e+01
175 1.7812500000000000e+02 7.5000000000000000e+01
176 1.7812500000000000e+02 7.2500000000000000e+01
177 1.7812500000000000e+02 7.0000000000000000e+01
178 1.7812500000000000e+02 6.7500000000000000e+01
179 1.7812500000000000e+02 6.5000000000000000e+01
180 1.7812500000000000e+02 6.2500000000000000e+01
181 1.7812500000000000e+02 6.0000000000000000e+01
182 1.7812500000000000e+02 5.7500000000000000e+01
183 1.7812500000000000e+02 5.5000000000000000e+01
184 1.7812500000000000e+02 5.2500000000000000e+01
185 1.7812500000000000e+02 5.0000000000000000e+01
186 1.7812500000000000e+02 4.7500000000000000e+01
187 1.7812500000000000e+02 4.5000000000000000e+01
188 1.7812500000000000e+02 4.2500000000000000e+01
189 1.7812500000000000e+02 4.0000000000000000e+01
190 1.7812500000000000e+02 3.7500000000000000e+01
191 1.7812500000000000e+02 3.5000000000000000e+01
192 1.7812500000000000e+02 3.2500000000000000e+01
193 1.7812500000000000e+02 3.0000000000000000e+01
194 1.7812500000000000e+02 2.7500000000000000e+01
195 1.7812500000000000e+02 2.5000000000000000e+01
196 1.7812500000000000e+02 2.2500000000000000e+01
197 1.7812500000000000e+02 2.0000000000000000e+01
198 1.7812500000000000e+02 1.7500000000000000e+01
199 1.7812500000000000e+02 1.5000000000000000e+01
200 1.7812500000000000e+02 1.2500000000000000e+01
201 1.7812500000000000e+02 1.0000000000000000e+01
202 1.7812500000000000e+02 7.5000000000000000e+00
203 1.7812500000000000e+02 5.0000000000000000e+00
204 1.7812500000000000e+02 2.5000000000000000e+00
205 1.8055555725097656e+02 0.0000000000000000e+00
206 1.8298611450195312e+02 0.0000000000000000e+00
207 1.8541667175292969e+02 0.0000000000000000e+00
208 1.8784722900390625e+02 0.0000000000000000e+00
209 1.9027777099609375e+02 0.0000000000000000e+00
210 1.9270832824707031e+02 0.0000000000000000e+00
211 1.9513888549804688e+02 0.0000000000000000e+00
212 1.9756944274902344e+02 0.0000000000000000e+00
213 1.7187500000000000e+02 2.5000000000000000e+00
214 1.7187500000000000e+02 5.0000000000000000e+00
215 1.7187500000000000e+02 7.5000000000000000e+00
216 1.7187500000000000e+02 1.0000000000000000e+01
217 1.7187500000000000e+02 1.2500000000000000e+01
218 1.7187500000000000e+02 1.5000000000000000e+01
219 1.7187500000000000e+02 1.7500000000000000e+01
220 1.7187500000000000e+02 2.0000000000000000e+01
221 1.7187500000000000e+02 2.2500000000000000e+01
222 1.7187500000000000e+02 2.5000000000000000e+01
223 1.7187500000000000e+02 2.7500000000000000e+01
224 1.7187500000000000e+02 3.0000000000000000e+01
225 1.7187500000000000e+02 3.2500000000000000e+01
226 1.7187500000000000e+02 3.5000000000000000e+01
227 1.7187500000000000e+02 3.7500000000000000e+01
228 1.7187500000000000e+02 4.0000000000000000e+01
229 1.7187500000000000e+02 4.2500000000000000e+01
230 1.7187500000000000e+02 4.5000000000000000e+01
231 1.7187500000000000e+02 4.7500000000000000e+01
232 1.7187500000000000e+02 5.0000000000000000e+01
233 1.7187500000000000e+02 5.2500000000000000e+01
234 1.7187500000000000e+02 5.5000000000000000e+01
235 1.7187500000000000e+02 5.7500000000000000e+01
236 1.7187500000000000e+02 6.0000000000000000e+01
237 1.7187500000000000e+02 6.2500000000000000e+01
238 1.7187500000000000e+02 6.5000000000000000e+01
239 1.7187500000000000e+02 6.7500000000000000e+01
240 1.7187500000000000e+02 7.0000000000000000e+01
241 1.7187500000000000e+02 7.2500000000000000e+01
242 1.7187500000000000e+02 7.5000000000000000e+01
243 1.7187500000000000e+02 7.7500000000000000e+01
244 1.7187500000000000e+02 8.0000000000000000e+01
245 1.7187500000000000e+02 8.2500000000000000e+01
246 1.7187500000000000e+02 8.5000000000000000e+01
247 1.7187500000000000e+02 8.7500000000000000e+01
248 1.7187500000000000e+02 9.0000000000000000e+01
249 1.7187500000000000e+02 9.2500000000000000e+01
250 1.7187500000000000e+02 9.5000000000000000e+01
251 1.7187500000000000e+02 9.7500000000000000e+01
252 1.6944444274902344e+02 1.0000000000000000e+02
253 1.6701388549804688e+02 1.0000000000000000e+02
254 1.6458332824707031e+02 1.0000000000000000e+02
255 1.6215277099609375e+02 1.0000000000000000e+02
256 1.5972222900390625e+02 1.0000000000000000e+02
257 1.5729167175292969e+02 1.0000000000000000e+02
258 1.5486111450195312e+02 1.0000000000000000e+02
259 1.5243055725097656e+02 1.0000000000000000e+02
260 1.5000000000000000e+02 9.7500000000000000e+01
261 1.5000000000000000e+02 9.5000000000000000e+01
262 1.5000000000000000e+02 9.2500000000000000e+01
263 1.5000000000000000e+02 9.0000000000000000e+01
264 1.5000000000000000e+02 8.7500000000000000e+01
265 1.5000000000000000e+02 8.5000000000000000e+01
266 1.5000000000000000e+02 8.2500000000000000e+01
267 1.5000000000000000e+02 8.0000000000000000e+01
268 1.5000000000000000e+02 7.7500000000000000e+01
269 1.5000000000000000e+02 7.5000000000000000e+01
270 1.5000000000000000e+02 7.2500000000000000e+01
271 1.5000000000000000e+02 7.0000000000000000e+01
272 1.5000000000000000e+02 6.7500000000000000e+01
273 1.5000000000000000e+02 6.5000000000000000e+01
274 1.5000000000000000e+02 6.2500000000000000e+01
275 1.5000000000000000e+02 6.0000000000000000e+01
276 1.5000000000000000e+02 5.7500000000000000e+01
277 1.5000000000000000e+02 5.5000000000000000e+01
278 1.5000000000000000e+02 5.2500000000000000e+01
279 1.5000000000000000e+02 5.0000000000000000e+01
280 1.5000000000000000e+02 4.7500000000000000e+01
281 1.5000000000000000e+02 4.5000000000000000e+01
282 1.5000000000000000e+02 4.2500000000000000e+01
283 1.5000000000000000e+02 4.0000000000000000e+01
284 1.5000000000000000e+02 3.7500000000000000e+01
285 1.5000000000000000e+02 3.5000000000000000e+01
286 1.5000000000000000e+02 3.2500000000000000e+01
287 1.5000000000000000e+02 3.0000000000000000e+01
288 1.5000000000000000e+02 2.7500000000000000e+01
289 1.5000000000000000e+02 2.5000000000000000e+01
290 1.5000000000000000e+02 2.2500000000000000e+01
291 1.5000000000000000e+02 2.0000000000000000e+01
292 1.5000000000000000e+02 1.7500000000000000e+01
293 1.5000000000000000e+02 1.5000000000000000e+01
294 1.5000000000000000e+02 1.2500000000000000e+01
295 1.5000000000000000e+02 1.0000000000000000e+01
296 1.5000000000000000e+02 7.5000000000000000e+00
297 1.5000000000000000e+02 5.0000000000000000e+00
298 1.5000000000000000e+02 2.5000000000000000e+00
299 1.5243055725097656e+02 0.0000000000000000e+00
300 1.5486111450195312e+02 0.0000000000000000e+00
301 1.5729167175292969e+02 0.0000000000000000e+00
302 1.5972222900390625e+02 0.0000000000000000e+00
303 1.6215277099609375e+02 0.0000000000000000e+00
304 1.6458332824707031e+02 0.0000000000000000e+00
305 1.6701388549804688e+02 0.0000000000000000e+00
306 1.6944444274902344e+02 0.0000000000000000e+00
307 5.0000000000000000e+01 9.7500000000000000e+01
308 5.0000000000000000e+01 9.5000000000000000e+01
309 5.0000000000000000e+01 9.2500000000000000e+01
310 5.0000000000000000e+01 9.0000000000000000e+01
311 5.0000000000000000e+01 8.7500000000000000e+01
312 5.0000000000000000e+01 8.5000000000000000e+01
313 5.0000000000000000e+01 8.2500000000000000e+01
314 5.0000000000000000e+01 8.0000000000000000e+01
315 5.0000000000000000e+01 7.7500000000000000e+01
316 5.0000000000000000e+01 7.5000000000000000e+01
317 5.0000000000000000e+01 7.2500000000000000e+01
318 5.0000000000000000e+01 7.0000000000000000e+01
319 5.0000000000000000e+01 6.7500000000000000e+01
320 5.0000000000000000e+01 6.5000000000000000e+01
321 5.0000000000000000e+01 6.2500000000000000e+01
322 5.0000000000000000e+01 6.0000000000000000e+01
323 5.0000000000000000e+01 5.7500000000000000e+01
324 5.0000000000000000e+01 5.5000000000000000e+01
325 5.0000000000000000e+01 5.2500000000000000e+01
326 5.0000000000000000e+01 5.0000000000000000e+01
327 5.0000000000000000e+01 4.7500000000000000e+01
328 5.0000000000000000e+01 4.5000000000000000e+01
329 5.0000000000000000e+01 4.2500000000000000e+01
330 5.0000000000000000e+01 4.0000000000000000e+01
331 5.0000000000000000e+01 3.7500000000000000e+01
332 5.0000000000000000e+01 3.5000000000000000e+01
333 5.0000000000000000e+01 3.2500000000000000e+01
334 5.0000000000000000e+01 3.0000000000000000e+01
335 5.0000000000000000e+01 2.7500000000000000e+01
336 5.0000000000000000e+01 2.5000000000000000e+01
337 5.0000000000000000e+01 2.2500000000000000e+01
338 5.0000000000000000e+01 2.0000000000000000e+01
339 5.0000000000000000e+01 1.7500000000000000e+01
340 5.0000000000000000e+01 1.5000000000000000e+01
341 5.0000000000000000e+01 1.2500000000000000e+01
342 5.0000000000000000e+01 1.0000000000000000e+01
343 5.0000000000000000e+01 7.5000000000000000e+00
344 5.0000000000000000e+01 5.0000000000000000e+00
345 5.0000000000000000e+01 2.5000000000000000e+00
346 6.2500000000000000e+01 0.0000000000000000e+00
347 7.5000000000000000e+01 0.0000000000000000e+00
348 8.7500000000000000e+01 0.0000000000000000e+00
349 1.0000000000000000e+02 0.0000000000000000e+00
350 1.1250000000000000e+02 0.0000000000000000e+00
351 1.2500000000000000e+02 0.0000000000000000e+00
352 1.3750000000000000e+02 0.0000000000000000e+00
353 1.3750000000000000e+02 1.0000000000000000e+02
354 1.2500000000000000e+02 1.0000000000000000e+02
355 1.1250000000000000e+02 1.0000000000000000e+02
356 1.0000000000000000e+02 1.0000000000000000e+02
357 8.7500000000000000e+01 1.0000000000000000e+02
358 7.5000000000000000e+01 1.0000000000000000e+02
359 6.2500000000000000e+01 1.0000000000000000e+02
360 3.7500000000000000e+01 1.0000000000000000e+02
361 2.5000000000000000e+01 1.0000000000000000e+02
362 1.2500000000000000e+01 1.0000000000000000e+02
363 0.0000000000000000e+00 9.7500000000000000e+01
364 0.0000000000000000e+00 9.5000000000000000e+01
365 0.0000000000000000e+00 9.2500000000000000e+01
366 0.0000000000000000e+00 9.0000000000000000e+01
367 0.0000000000000000e+00 8.7500000000000000e+01
368 0.0000000000000000e+00 8.5000000000000000e+01
369 0.0000000000000000e+00 8.2500000000000000e+01
370 0.0000000000000000e+00 8.0000000000000000e+01
371 0.0000000000000000e+00 7.7500000000000000e+01
372 0.0000000000000000e+00 7.5000000000000000e+01
373 0.0000000000000000e+00 7.2500000000000000e+01
374 0.0000000000000000e+00 7.0000000000000000e+01
375 0.0000000000000000e+00 6.7500000000000000e+01
376 0.0000000000000000e+00 6.5000000000000000e+01
377 0.0000000000000000e+00 6.2500000000000000e+01
378 0.0000000000000000e+00 6.0000000000000000e+01
379 0.0000000000000000e+00 5.7500000000000000e+01
380 0.0000000000000000e+00 5.5000000000000000e+01
381 0.0000000000000000e+00 5.2500000000000000e+01
382 0.0000000000000000e+00 5.0000000000000000e+01
383 0.0000000000000000e+00 4.7500000000000000e+01
384 0.0000000000000000e+00 4.5000000000000000e+01
385 0.0000000000000000e+00 4.2500000000000000e+01
386 0.0000000000000000e+00 4.0000000000000000e+01
387 0.0000000000000000e+00 3.7500000000000000e+01
388 0.0000000000000000e+00 3.5000000000000000e+01
389 0.0000000000000000e+00 3.2500000000000000e+01
390 0.0000000000000000e+00 3.0000000000000000e+01
391 0.0000000000000000e+00 2.7500000000000000e+01
392 0.0000000000000000e+00 2.5000000000000000e+01
393 0.0000000000000000e+00 2.2500000000000000e+01
394 0.0000000000000000e+00 2.0000000000000000e+01
395 0.0000000000000000e+00 1.7500000000000000e+01
396 0.0000000000000000e+00 1.5000000000000000e+01
397 0.0000000000000000e+00 1.2500000000000000e+01
398 0.0000000000000000e+00 1.0000000000000000e+01
399 0.0000000000000000e+00 7.5000000000000000e+00
400 0.0000000000000000e+00 5.0000000000000000e+00
401 0.0000000000000000e+00 2.5000000000000000e+00
402 1.2500000000000000e+01 0.0000000000000000e+00
403 2.5000000000000000e+01 0.0000000000000000e+00
404 3.7500000000000000e+01 0.0000000000000000e+00
405 1.7604167175292969e+02 1.0000000000000000e+02
406 1.7395832824707031e+02 1.0000000000000000e+02
407 1.7375000000000000e+02 2.5000000000000000e+00
408 1.7375000000000000e+02 5.0000000000000000e+00
409 1.7375000000000000e+02 7.5000000000000000e+00
410 1.7375000000000000e+02 1.0000000000000000e+01
411 1.7375000000000000e+02 1.2500000000000000e+01
412 1.7375000000000000e+02 1.5000000000000000e+01
413 1.7375000000000000e+02 1.7500000000000000e+01
414 1.7625000000000000e+02 1.7500000000000000e+01
415 1.7625000000000000e+02 1.5000000000000000e+01
416 1.7625000000000000e+02 1.2500000000000000e+01
417 1.7625000000000000e+02 1.0000000000000000e+01
418 1.7625000000000000e+02 7.5000000000000000e+00
419 1.7625000000000000e+02 5.0000000000000000e+00
420 1.7625000000000000e+02 2.5000000000000000e+00
421 3.1250000000000000e+02 9.7500000000000000e+01
422 3.1250000000000000e+02 9.5000000000000000e+01
423 3.1250000000000000e+02 9.2500000000000000e+01
424 3.1250000000000000e+02 9.0000000000000000e+01
425 3.1250000000000000e+02 8.7500000000000000e+01
426 3.1250000000000000e+02 8.5000000000000000e+01
427 3.1250000000000000e+02 8.2500000000000000e+01
428 3.1250000000000000e+02 8.0000000000000000e+01
429 3.1250000000000000e+02 7.7500000000000000e+01
430 3.1250000000000000e+02 7.5000000000000000e+01
431 3.1250000000000000e+02 7.2500000000000000e+01
432 3.1250000000000000e+02 7.0000000000000000e+01
433 3.1250000000000000e+02 6.7500000000000000e+01
434 3.1250000000000000e+02 6.5000000000000000e+01
435 3.1250000000000000e+02 6.2500000000000000e+01
436 3.1250000000000000e+02 6.0000000000000000e+01
437 3.1250000000000000e+02 5.7500000000000000e+01
438 3.1250000000000000e+02 5.5000000000000000e+01
439 3.1250000000000000e+02 5.2500000000000000e+01
440 3.1250000000000000e+02 5.0000000000000000e+01
441 3.1250000000000000e+02 4.7500000000000000e+01
442 3.1250000000000000e+02 4.5000000000000000e+01
443 3.1250000000000000e+02 4.2500000000000000e+01
444 3.1250000000000000e+02 4.0000000000000000e+01
445 3.1250000000000000e+02 3.7500000000000000e+01
446 3.1250000000000000e+02 3.5000000000000000e+01
447 3.1250000000000000e+02 3.2500000000000000e+01
448 3.1250000000000000e+02 3.0000000000000000e+01
449 3.1250000000000000e+02 2.7500000000000000e+01
450 3.1250000000000000e+02 2.5000000000000000e+01
451 3.1250000000000000e+02 2.2500000000000000e+01
452 3.1250000000000000e+02 2.0000000000000000e+01
453 3.1250000000000000e+02 1.7500000000000000e+01
454 3.1250000000000000e+02 1.5000000000000000e+01
455 3.1250000000000000e+02 1.2500000000000000e+01
456 3.1250000000000000e+02 1.0000000000000000e+01
457 3.1250000000000000e+02 7.5000000000000000e+00
458 3.1250000000000000e+02 5.0000000000000000e+00
459 3.1250000000000000e+02 2.5000000000000000e+00
460 3.2500000000000000e+02 9.7500000000000000e+01
461 3.2500000000000000e+02 9.5000000000000000e+01
462 3.2500000000000000e+02 9.2500000000000000e+01
463 3.2500000000000000e+02 9.0000000000000000e+01
464 3.2500000000000000e+02 8.7500000000000000e+01
465 3.2500000000000000e+02 8.5000000000000000e+01
466 3.2500000000000000e+02 8.2500000000000000e+01
467 3.2500000000000000e+02 8.0000000000000000e+01
468 3.2500000000000000e+02 7.7500000000000000e+01
469 3.2500000000000000e+02 7.5000000000000000e+01
470 3.2500000000000000e+02 7.2500000000000000e+01
471 3.2500000000000000e+02 7.0000000000000000e+01
472 3.2500000000000000e+02 6.7500000000000000e+01
473 3.2500000000000000e+02 6.5000000000000000e+01
474 3.2500000000000000e+02 6.2500000000000000e+01
475 3.2500000000000000e+02 6.0000000000000000e+01
476 3.2500000000000000e+02 5.7500000000000000e+01
477 3.2500000000000000e+02 5.5000000000000000e+01
478 3.2500000000000000e+02 5.2500000000000000e+01
479 3.2500000000000000e+02 5.0000000000000000e+01
480 3.2500000000000000e+02 4.7500000000000000e+01
481 3.2500000000000000e+02 4.5000000000000000e+01
482 3.2500000000000000e+02 4.2500000000000000e+01
483 3.2500000000000000e+02 4.0000000000000000e+01
484 3.2500000000000000e+02 3.7500000000000000e+01
485 3.2500000000000000e+02 3.5000000000000000e+01
486 3.2500000000000000e+02 3.2500000000000000e+01
487 3.2500000000000000e+02 3.0000000000000000e+01
488 3.2500000000000000e+02 2.7500000000000000e+01
489 3.2500000000000000e+02 2.5000000000000000e+01
490 3.2500000000000000e+02 2.2500000000000000e+01
491 3.2500000000000000e+02 2.0000000000000000e+01
492 3.2500000000000000e+02 1.7500000000000000e+01
493 3.2500000000000000e+02 1.5000000000000000e+01
494 3.2500000000000000e+02 1.2500000000000000e+01
495 3.2500000000000000e+02 1.0000000000000000e+01
496 3.2500000000000000e+02 7.5000000000000000e+00
497 3.2500000000000000e+02 5.0000000000000000e+00
498 3.2500000000000000e+02 2.5000000000000000e+00
499 3.3750000000000000e+02 9.7500000000000000e+01
500 3.3750000000000000e+02 9.5000000000000000e+01
501 3.3750000000000000e+02 9.2500000000000000e+01
502 3.3750000000000000e+02 9.0000000000000000e+01
503 3.3750000000000000e+02 8.7500000000000000e+01
504 3.3750000000000000e+02 8.5000000000000000e+01
505 3.3750000000000000e+02 8.2500000000000000e+01
506 3.3750000000000000e+02 8.0000000000000000e+01
507 3.3750000000000000e+02 7.7500000000000000e+01
508 3.3750000000000000e+02 7.5000000000000000e+01
509 3.3750000000000000e+02 7.2500000000000000e+01
510 3.3750000000000000e+02 7.0000000000000000e+01
511 3.3750000000000000e+02 6.7500000000000000e+01
512 3.3750000000000000e+02 6.5000000000000000e+01
513 3.3750000000000000e+02 6.2500000000000000e+01
514 3.3750000000000000e+02 6.0000000000000000e+01
515 3.3750000000000000e+02 5.7500000000000000e+01
516 3.3750000000000000e+02 5.5000000000000000e+01
517 3.3750000000000000e+02 5.2500000000000000e+01
518 3.3750000000000000e+02 5.0000000000000000e+01
519 3.3750000000000000e+02 4.7500000000000000e+01
520 3.3750000000000000e+02 4.5000000000000000e+01
521 3.3750000000000000e+02 4.2500000000000000e+01
522 3.3750000000000000e+02 4.0000000000000000e+01
523 3.3750000000000000e+02 3.7500000000000000e+01
524 3.3750000000000000e+02 3.5000000000000000e+01
525 3.3750000000000000e+02 3.2500000000000000e+01
526 3.3750000000000000e+02 3.0000000000000000e+01
527 3.3750000000000000e+02 2.7500000000000000e+01
528 3.3750000000000000e+02 2.5000000000000000e+01
529 3.3750000000000000e+02 2.2500000000000000e+01
530 3.3750000000000000e+02 2.0000000000000000e+01
531 3.3750000000000000e+02 1.7500000000000000e+01
532 3.3750000000000000e+02 1.5000000000000000e+01
533 3.3750000000000000e+02 1.2500000000000000e+01
534 3.3750000000000000e+02 1.0000000000000000e+01
535 3.3750000000000000e+02 7.5000000000000000e+00
536 3.3750000000000000e+02 5.0000000000000000e+00
537 3.3750000000000000e+02 2.5000000000000000e+00
538 2.1250000000000000e+02 9.7500000000000000e+01
539 2.1250000000000000e+02 9.5000000000000000e+01
540 2.1250000000000000e+02 9.2500000000000000e+01
541 2.1250000000000000e+02 9.0000000000000000e+01
542 2.1250000000000000e+02 8.7500000000000000e+01
543 2.1250000000000000e+02 8.5000000000000000e+01
544 2.1250000000000000e+02 8.2500000000000000e+01
545 2.1250000000000000e+02 8.0000000000000000e+01
546 2.1250000000000000e+02 7.7500000000000000e+01
547 2.1250000000000000e+02 7.5000000000000000e+01
548 2.1250000000000000e+02 7.2500000000000000e+01
549 2.1250000000000000e+02 7.0000000000000000e+01
550 2.1250000000000000e+02 6.7500000000000000e+01
551 2.1250000000000000e+02 6.5000000000000000e+01
552 2.1250000000000000e+02 6.2500000000000000e+01
553 2.1250000000000000e+02 6.0000000000000000e+01
554 2.1250000000000000e+02 5.7500000000000000e+01
555 2.1250000000000000e+02 5.5000000000000000e+01
556 2.1250000000000000e+02 5.2500000000000000e+01
557 2.1250000000000000e+02 5.0000000000000000e+01
558 2.1250000000000000e+02 4.7500000000000000e+01
559 2.1250000000000000e+02 4.5000000000000000e+01
560 2.1250000000000000e+02 4.2500000000000000e+01
561 2.1250000000000000e+02 4.0000000000000000e+01
562 2.1250000000000000e+02 3.7500000000000000e+01
563 2.1250000000000000e+02 3.5000000000000000e+01
564 2.1250000000000000e+02 3.2500000000000000e+01
565 2.1250000000000000e+02 3.0000000000000000e+01
566 2.1250000000000000e+02 2.7500000000000000e+01
567 2.1250000000000000e+02 2.5000000000000000e+01
568 2.1250000000000000e+02 2.2500000000000000e+01
569 2.1250000000000000e+02 2.0000000000000000e+01
570 2.1250000000000000e+02 1.7500000000000000e+01
571 2.1250000000000000e+02 1.5000000000000000e+01
572 2.1250000000000000e+02 1.2500000000000000e+01
573 2.1250000000000000e+02 1.0000000000000000e+01
574 2.1250000000000000e+02 7.5000000000000000e+00
575 2.1250000000000000e+02 5.0000000000000000e+00
576 2.1250000000000000e+02 2.5000000000000000e+00
577 2.2500000000000000e+02 9.7500000000000000e+01
578 2.2500000000000000e+02 9.5000000000000000e+01
579 2.2500000000000000e+02 9.2500000000000000e+01
580 2.2500000000000000e+02 9.0000000000000000e+01
581 2.2500000000000000e+02 8.7500000000000000e+01
582 2.2500000000000000e+02 8.5000000000000000e+01
583 2.2500000000000000e+02 8.2500000000000000e+01
584 2.2500000000000000e+02 8.0000000000000000e+01
585 2.2500000000000000e+02 7.7500000000000000e+01
586 2.2500000000000000e+02 7.5000000000000000e+01
587 2.2500000000000000e+02 7.2500000000000000e+01
588 2.2500000000000000e+02 7.0000000000000000e+01
589 2.2500000000000000e+02 6.7500000000000000e+01
590 2.2500000000000000e+02 6.5000000000000000e+01
591 2.2500000000000000e+02 6.2500000000000000e+01
592 2.2500000000000000e+02 6.0000000000000000e+01
593 2.2500000000000000e+02 5.7500000000000000e+01
594 2.2500000000000000e+02 5.5000000000000000e+01
595 2.2500000000000000e+02 5.2500000000000000e+01
596 2.2500000000000000e+02 5.0000000000000000e+01
597 2.2500000000000000e+02 4.7500000000000000e+01
598 2.2500000000000000e+02 4.5000000000000000e+01
599 2.2500000000000000e+02 4.2500000000000000e+01
600 2.2500000000000000e+02 4.0000000000000000e+01
601 2.2500000000000000e+02 3.7500000000000000e+01
602 2.2500000000000000e+02 3.5000000000000000e+01
603 2.2500000000000000e+02 3.2500000000000000e+01
604 2.2500000000000000e+02 3.0000000000000000e+01
605 2.2500000000000000e+02 2.7500000000000000e+01
606 2.2500000000000000e+02 2.5000000000000000e+01
607 2.2500000000000000e+02 2.2500000000000000e+01
608 2.2500000000000000e+02 2.0000000000000000e+01
609 2.2500000000000000e+02 1.7500000000000000e+01
610 2.2500000000000000e+02 1.5000000000000000e+01
611 2.2500000000000000e+02 1.2500000000000000e+01
612 2.2500000000000000e+02 1.0000000000000000e+01
613 2.2500000000000000e+02 7.5000000000000000e+00
614 2.2500000000000000e+02 5.0000000000000000e+00
615 2.2500000000000000e+02 2.5000000000000000e+00
616 2.3750000000000000e+02 9.7500000000000000e+01
617 2.3750000000000000e+02 9.5000000000000000e+01
618 2.3750000000000000e+02 9.2500000000000000e+01
619 2.3750000000000000e+02 9.0000000000000000e+01
620 2.3750000000000000e+02 8.7500000000000000e+01
621 2.3750000000000000e+02 8.5000000000000000e+01
622 2.3750000000000000e+02 8.2500000000000000e+01
623 2.3750000000000000e+02 8.0000000000000000e+01
624 2.3750000000000000e+02 7.7500000000000000e+01
625 2.3750000000000000e+02 7.5000000000000000e+01
626 2.3750000000000000e+02 7.2500000000000000e+01
627 2.3750000000000000e+02 7.0000000000000000e+01
628 2.3750000000000000e+02 6.7500000000000000e+01
629 2.3750000000000000e+02 6.5000000000000000e+01
630 2.3750000000000000e+02 6.2500000000000000e+01
631 2.3750000000000000e+02 6.0000000000000000e+01
632 2.3750000000000000e+02 5.7500000000000000e+01
633 2.3750000000000000e+02 5.5000000000000000e+01
634 2.3750000000000000e+02 5.2500000000000000e+01
635 2.3750000000000000e+02 5.0000000000000000e+01
636 2.3750000000000000e+02 4.7500000000000000e+01
637 2.3750000000000000e+02 4.5000000000000000e+01
638 2.3750000000000000e+02 4.2500000000000000e+01
639 2.3750000000000000e+02 4.0000000000000000e+01
640 2.3750000000000000e+02 3.7500000000000000e+01
641 2.3750000000000000e+02 3.5000000000000000e+01
642 2.3750000000000000e+02 3.2500000000000000e+01
643 2.3750000000000000e+02 3.0000000000000000e+01
644 2.3750000000000000e+02 2.7500000000000000e+01
645 2.3750000000000000e+02 2.5000000000000000e+01
646 2.3750000000000000e+02 2.2500000000000000e+01
647 2.3750000000000000e+02 2.0000000000000000e+01
648 2.3750000000000000e+02 1.7500000000000000e+01
649 2.3750000000000000e+02 1.5000000000000000e+01
650 2.3750000000000000e+02 1.2500000000000000e+01
651 2.3750000000000000e+02 1.0000000000000000e+01
652 2.3750000000000000e+02 7.5000000000000000e+00
653 2.3750000000000000e+02 5.0000000000000000e+00
654 2.3750000000000000e+02 2.5000000000000000e+00
655 2.5000000000000000e+02 9.7500000000000000e+01
656 2.5000000000000000e+02 9.5000000000000000e+01
657 2.5000000000000000e+02 9.2500000000000000e+01
658 2.5000000000000000e+02 9.0000000000000000e+01
659 2.5000000000000000e+02 8.7500000000000000e+01
660 2.5000000000000000e+02 8.5000000000000000e+01
661 2.5000000000000000e+02 8.2500000000000000e+01
662 2.5000000000000000e+02 8.0000000000000000e+01
663 2.5000000000000000e+02 7.7500000000000000e+01
664 2.5000000000000000e+02 7.5000000000000000e+01
665 2.5000000000000000e+02 7.2500000000000000e+01
666 2.5000000000000000e+02 7.0000000000000000e+01
667 2.5000000000000000e+02 6.7500000000000000e+01
668 2.5000000000000000e+02 6.5000000000000000e+01
669 2.5000000000000000e+02 6.2500000000000000e+01
670 2.5000000000000000e+02 6.0000000000000000e+01
671 2.5000000000000000e+02 5.7500000000000000e+01
672 2.5000000000000000e+02 5.5000000000000000e+01
673 2.5000000000000000e+02 5.2500000000000000e+01
674 2.5000000000000000e+02 5.0000000000000000e+01
675 2.5000000000000000e+02 4.7500000000000000e+01
676 2.5000000000000000e+02 4.5000000000000000e+01
677 2.5000000000000000e+02 4.2500000000000000e+01
678 2.5000000000000000e+02 4.0000000000000000e+01
679 2.5000000000000000e+02 3.7500000000000000e+01
680 2.5000000000000000e+02 3.5000000000000000e+01
681 2.5000000000000000e+02 3.2500000000000000e+01
682 2.5000000000000000e+02 3.0000000000000000e+01
683 2.5000000000000000e+02 2.7500000000000000e+01
684 2.5000000000000000e+02 2.5000000000000000e+01
685 2.5000000000000000e+02 2.2500000000000000e+01
686 2.5000000000000000e+02 2.0000000000000000e+01
687 2.5000000000000000e+02 1.7500000000000000e+01
688 2.5000000000000000e+02 1.5000000000000000e+01
689 2.5000000000000000e+02 1.2500000000000000e+01
690 2.5000000000000000e+02 1.0000000000000000e+01
691 2.5000000000000000e+02 7.5000000000000000e+00
692 2.5000000000000000e+02 5.0000000000000000e+00
693 2.5000000000000000e+02 2.5000000000000000e+00
694 2.6250000000000000e+02 9.7500000000000000e+01
695 2.6250000000000000e+02 9.5000000000000000e+01
696 2.6250000000000000e+02 9.2500000000000000e+01
697 2.6250000000000000e+02 9.0000000000000000e+01
698 2.6250000000000000e+02 8.7500000000000000e+01
699 2.6250000000000000e+02 8.5000000000000000e+01
700 2.6250000000000000e+02 8.2500000000000000e+01
701 2.6250000000000000e+02 8.0000000000000000e+01
702 2.6250000000000000e+02 7.7500000000000000e+01
703 2.6250000000000000e+02 7.5000000000000000e+01
704 2.6250000000000000e+02 7.2500000000000000e+01
705 2.6250000000000000e+02 7.0000000000000000e+01
706 2.6250000000000000e+02 6.7500000000000000e+01
707 2.6250000000000000e+02 6.5000000000000000e+01
708 2.6250000000000000e+02 6.2500000000000000e+01
709 2.6250000000000000e+02 6.0000000000000000e+01
710 2.6250000000000000e+02 5.7500000000000000e+01
711 2.6250000000000000e+02 5.5000000000000000e+01
712 2.6250000000000000e+02 5.2500000000000000e+01
713 2.6250000000000000e+02 5.0000000000000000e+01
714 2.6250000000000000e+02 4.7500000000000000e+01
715 2.6250000000000000e+02 4.5000000000000000e+01
716 2.6250000000000000e+02 4.2500000000000000e+01
717 2.6250000000000000e+02 4.0000000000000000e+01
718 2.6250000000000000e+02 3.7500000000000000e+01
719 2.6250000000000000e+02 3.5000000000000000e+01
720 2.6250000000000000e+02 3.2500000000000000e+01
721 2.6250000000000000e+02 3.0000000000000000e+01
722 2.6250000000000000e+02 2.7500000000000000e+01
723 2.6250000000000000e+02 2.5000000000000000e+01
724 2.6250000000000000e+02 2.2500000000000000e+01
725 2.6250000000000000e+02 2.0000000000000000e+01
726 2.6250000000000000e+02 1.7500000000000000e+01
727 2.6250000000000000e+02 1.5000000000000000e+01
728 2.6250000000000000e+02 1.2500000000000000e+01
729 2.6250000000000000e+02 1.0000000000000000e+01
730 2.6250000000000000e+02 7.5000000000000000e+00
731 2.6250000000000000e+02 5.0000000000000000e+00
732 2.6250000000000000e+02 2.5000000000000000e+00
733 2.7500000000000000e+02 9.7500000000000000e+01
734 2.7500000000000000e+02 9.5000000000000000e+01
735 2.7500000000000000e+02 9.2500000000000000e+01
736 2.7500000000000000e+02 9.0000000000000000e+01
737 2.7500000000000000e+02 8.7500000000000000e+01
738 2.7500000000000000e+02 8.5000000000000000e+01
739 2.7500000000000000e+02 8.2500000000000000e+01
740 2.7500000000000000e+02 8.0000000000000000e+01
741 2.7500000000000000e+02 7.7500000000000000e+01
742 2.7500000000000000e+02 7.5000000000000000e+01
743 2.7500000000000000e+02 7.2500000000000000e+01
744 2.7500000000000000e+02 7.0000000000000000e+01
745 2.7500000000000000e+02 6.7500000000000000e+01
746 2.7500000000000000e+02 6.5000000000000000e+01
747 2.7500000000000000e+02 6.2500000000000000e+01
748 2.7500000000000000e+02 6.0000000000000000e+01
749 2.7500000000000000e+02 5.7500000000000000e+01
750 2.7500000000000000e+02 5.5000000000000000e+01
751 2.7500000000000000e+02 5.2500000000000000e+01
752 2.7500000000000000e+02 5.0000000000000000e+01
753 2.7500000000000000e+02 4.7500000000000000e+01
754 2.7500000000000000e+02 4.5000000000000000e+01
755 2.7500000000000000e+02 4.2500000000000000e+01
756 2.7500000000000000e+02 4.0000000000000000e+01
757 2.7500000000000000e+02 3.7500000000000000e+01
758 2.7500000000000000e+02 3.5000000000000000e+01
759 2.7500000000000000e+02 3.2500000000000000e+01
760 2.7500000000000000e+02 3.0000000000000000e+01
761 2.7500000000000000e+02 2.7500000000000000e+01
762 2.7500000000000000e+02 2.5000000000000000e+01
763 2.7500000000000000e+02 2.2500000000000000e+01
764 2.7500000000000000e+02 2.0000000000000000e+01
765 2.7500000000000000e+02 1.7500000000000000e+01
766 2.7500000000000000e+02 1.5000000000000000e+01
767 2.7500000000000000e+02 1.2500000000000000e+01
768 2.7500000000000000e+02 1.0000000000000000e+01
769 2.7500000000000000e+02 7.5000000000000000e+00
770 2.7500000000000000e+02 5.0000000000000000e+00
771 2.7500000000000000e+02 2.5000000000000000e+00
772 2.8750000000000000e+02 9.7500000000000000e+01
773 2.8750000000000000e+02 9.5000000000000000e+01
774 2.8750000000000000e+02 9.2500000000000000e+01
775 2.8750000000000000e+02 9.0000000000000000e+01
776 2.8750000000000000e+02 8.7500000000000000e+01
777 2.8750000000000000e+02 8.5000000000000000e+01
778 2.8750000000000000e+02 8.2500000000000000e+01
779 2.8750000000000000e+02 8.0000000000000000e+01
780 2.8750000000000000e+02 7.7500000000000000e+01
781 2.8750000000000000e+02 7.5000000000000000e+01
782 2.8750000000000000e+02 7.2500000000000000e+01
783 2.8750000000000000e+02 7.0000000000000000e+01
784 2.8750000000000000e+02 6.7500000000000000e+01
785 2.8750000000000000e+02 6.5000000000000000e+01
786 2.8750000000000000e+02 6.2500000000000000e+01
787 2.8750000000000000e+02 6.0000000000000000e+01
788 2.8750000000000000e+02 5.7500000000000000e+01
789 2.8750000000000000e+02 5.5000000000000000e+01
790 2.8750000000000000e+02 5.2500000000000000e+01
791 2.8750000000000000e+02 5.0000000000000000e+01
792 2.8750000000000000e+02 4.7500000000000000e+01
793 2.8750000000000000e+02 4.5000000000000000e+01
794 2.8750000000000000e+02 4.2500000000000000e+01
795 2.8750000000000000e+02 4.0000000000000000e+01
796 2.8750000000000000e+02 3.7500000000000000e+01
797 2.8750000000000000e+02 3.5000000000000000e+01
798 2.8750000000000000e+02 3.2500000000000000e+01
799 2.8750000000000000e+02 3.0000000000000000e+01
800 2.8750000000000000e+02 2.7500000000000000e+01
801 2.8750000000000000e+02 2.5000000000000000e+01
802 2.8750000000000000e+02 2.2500000000000000e+01
803 2.8750000000000000e+02 2.0000000000000000e+01
804 2.8750000000000000e+02 1.7500000000000000e+01
805 2.8750000000000000e+02 1.5000000000000000e+01
806 2.8750000000000000e+02 1.2500000000000000e+01
807 2.8750000000000000e+02 1.0000000000000000e+01
808 2.8750000000000000e+02 7.5000000000000000e+00
809 2.8750000000000000e+02 5.0000000000000000e+00
810 2.8750000000000000e+02 2.5000000000000000e+00
811 1.9756944274902344e+02 2.5000000000000000e+00
812 1.9756944274902344e+02 5.0000000000000000e+00
813 1.9756944274902344e+02 7.5000000000000000e+00
814 1.9756944274902344e+02 1.0000000000000000e+01
815 1.9756944274902344e+02 1.2500000000000000e+01
816 1.9756944274902344e+02 1.5000000000000000e+01
817 1.9756944274902344e+02 1.7500000000000000e+01
818 1.9756944274902344e+02 2.0000000000000000e+01
819 1.9756944274902344e+02 2.2500000000000000e+01
820 1.9756944274902344e+02 2.5000000000000000e+01
821 1.9756944274902344e+02 2.7500000000000000e+01
822 1.9756944274902344e+02 3.0000000000000000e+01
823 1.9756944274902344e+02 3.2500000000000000e+01
824 1.9756944274902344e+02 3.5000000000000000e+01
825 1.9756944274902344e+02 3.7500000000000000e+01
826 1.9756944274902344e+02 4.0000000000000000e+01
827 1.9756944274902344e+02 4.2500000000000000e+01
828 1.9756944274902344e+02 4.5000000000000000e+01
829 1.9756944274902344e+02 4.7500000000000000e+01
830 1.9756944274902344e+02 5.0000000000000000e+01
831 1.9756944274902344e+02 5.2500000000000000e+01
832 1.9756944274902344e+02 5.5000000000000000e+01
833 1.9756944274902344e+02 5.7500000000000000e+01
834 1.9756944274902344e+02 6.0000000000000000e+01
835 1.9756944274902344e+02 6.2500000000000000e+01
836 1.9756944274902344e+02 6.5000000000000000e+01
837 1.9756944274902344e+02 6.7500000000000000e+01
838 1.9756944274902344e+02 7.0000000000000000e+01
839 1.9756944274902344e+02 7.2500000000000000e+01
840 1.9756944274902344e+02 7.5000000000000000e+01
841 1.9756944274902344e+02 7.7500000000000000e+01
842 1.9756944274902344e+02 8.0000000000000000e+01
843 1.9756944274902344e+02 8.2500000000000000e+01
844 1.9756944274902344e+02 8.5000000000000000e+01
845 1.9756944274902344e+02 8.7500000000000000e+01
846 1.9756944274902344e+02 9.0000000000000000e+01
847 1.9756944274902344e+02 9.2500000000000000e+01
848 1.9756944274902344e+02 9.5000000000000000e+01
849 1.9756944274902344e+02 9.7500000000000000e+01
850 1.9513888549804688e+02 2.5000000000000000e+00
851 1.9513888549804688e+02 5.0000000000000000e+00
852 1.9513888549804688e+02 7.5000000000000000e+00
853 1.9513888549804688e+02 1.0000000000000000e+01
854 1.9513888549804688e+02 1.2500000000000000e+01
855 1.9513888549804688e+02 1.5000000000000000e+01
856 1.9513888549804688e+02 1.7500000000000000e+01
857 1.9513888549804688e+02 2.0000000000000000e+01
858 1.9513888549804688e+02 2.2500000000000000e+01
859 1.9513888549804688e+02 2.5000000000000000e+01
860 1.9513888549804688e+02 2.7500000000000000e+01
861 1.9513888549804688e+02 3.0000000000000000e+01
862 1.9513888549804688e+02 3.2500000000000000e+01
863 1.9513888549804688e+02 3.5000000000000000e+01
864 1.9513888549804688e+02 3.7500000000000000e+01
865 1.9513888549804688e+02 4.0000000000000000e+01
866 1.9513888549804688e+02 4.2500000000000000e+01
867 1.9513888549804688e+02 4.5000000000000000e+01
868 1.9513888549804688e+02 4.7500000000000000e+01
869 1.9513888549804688e+02 5.0000000000000000e+01
870 1.9513888549804688e+02 5.2500000000000000e+01
871 1.9513888549804688e+02 5.5000000000000000e+01
872 1.9513888549804688e+02 5.7500000000000000e+01
873 1.9513888549804688e+02 6.0000000000000000e+01
874 1.9513888549804688e+02 6.2500000000000000e+01
875 1.9513888549804688e+02 6.5000000000000000e+01
876 1.9513888549804688e+02 6.7500000000000000e+01
877 1.9513888549804688e+02 7.0000000000000000e+01
878 1.9513888549804688e+02 7.2500000000000000e+01
879 1.9513888549804688e+02 7.5000000000000000e+01
880 1.9513888549804688e+02 7.7500000000000000e+01
881 1.9513888549804688e+02 8.0000000000000000e+01
882 1.9513888549804688e+02 8.2500000000000000e+01
883 1.9513888549804688e+02 8.5000000000000000e+01
884 1.9513888549804688e+02 8.7500000000000000e+01
885 1.9513888549804688e+02 9.0000000000000000e+01
886 1.9513888549804688e+02 9.2500000000000000e+01
887 1.9513888549804688e+02 9.5000000000000000e+01
888 1.9513888549804688e+02 9.7500000000000000e+01
889 1.9270832824707031e+02 2.5000000000000000e+00
890 1.9270832824707031e+02 5.0000000000000000e+00
891 1.9270832824707031e+02 7.5000000000000000e+00
892 1.9270832824707031e+02 1.0000000000000000e+01
893 1.9270832824707031e+02 1.2500000000000000e+01
894 1.9270832824707031e+02 1.5000000000000000e+01
895 1.9270832824707031e+02 1.7500000000000000e+01
896 1.9270832824707031e+02 2.0000000000000000e+01
897 1.9270832824707031e+02 2.2500000000000000e+01
898 1.9270832824707031e+02 2.5000000000000000e+01
899 1.9270832824707031e+02 2.7500000000000000e+01
900 1.9270832824707031e+02 3.0000000000000000e+01
901 1.9270832824707031e+02 3.2500000000000000e+01
902 1.9270832824707031e+02 3.5000000000000000e+01
903 1.9270832824707031e+02 3.7500000000000000e+01
904 1.9270832824707031e+02 4.0000000000000000e+01
905 1.9270832824707031e+02 4.2500000000000000e+01
906 1.9270832824707031e+02 4.5000000000000000e+01
907 1.9270832824707031e+02 4.7500000000000000e+01
908 1.9270832824707031e+02 5.0000000000000000e+01
909 1.9270832824707031e+02 5.2500000000000000e+01
910 1.9270832824707031e+02 5.5000000000000000e+01
911 1.9270832824707031e+02 5.7500000000000000e+01
912 1.9270832824707031e+02 6.0000000000000000e+01
913 1.9270832824707031e+02 6.2500000000000000e+01
914 1.9270832824707031e+02 6.5000000000000000e+01
915 1.9270832824707031e+02 6.7500000000000000e+01
916 1.9270832824707031e+02 7.0000000000000000e+01
917 1.9270832824707031e+02 7.2500000000000000e+01
918 1.9270832824707031e+02 7.5000000000000000e+01
919 1.9270832824707031e+02 7.7500000000000000e+01
920 1.9270832824707031e+02 8.0000000000000000e+01
921 1.9270832824707031e+02 8.2500000000000000e+01
922 1.9270832824707031e+02 8.5000000000000000e+01
923 1.9270832824707031e+02 8.7500000000000000e+01
924 1.9270832824707031e+02 9.0000000000000000e+01
925 1.9270832824707031e+02 9.2500000000000000e+01
926 1.9270832824707031e+02 9.5000000000000000e+01
927 1.9270832824707031e+02 9.7500000000000000e+01
928 1.9027777099609375e+02 2.5000000000000000e+00
929 1.9027777099609375e+02 5.0000000000000000e+00
930 1.9027777099609375e+02 7.5000000000000000e+00
931 1.9027777099609375e+02 1.0000000000000000e+01
932 1.9027777099609375e+02 1.2500000000000000e+01
933 1.9027777099609375e+02 1.5000000000000000e+01
934 1.9027777099609375e+02 1.7500000000000000e+01
935 1.9027777099609375e+02 2.0000000000000000e+01
936 1.9027777099609375e+02 2.2500000000000000e+01
937 1.9027777099609375e+02 2.5000000000000000e+01
938 1.9027777099609375e+02 2.7500000000000000e+01
939 1.9027777099609375e+02 3.0000000000000000e+01
940 1.9027777099609375e+02 3.2500000000000000e+01
941 1.9027777099609375e+02 3.5000000000000000e+01
942 1.9027777099609375e+02 3.7500000000000000e+01
943 1.9027777099609375e+02 4.0000000000000000e+01
944 1.9027777099609375e+02 4.2500000000000000e+01
945 1.9027777099609375e+02 4.5000000000000000e+01
946 1.9027777099609375e+02 4.7500000000000000e+01
947 1.9027777099609375e+02 5.0000000000000000e+01
948 1.9027777099609375e+02 5.2500000000000000e+01
949 1.9027777099609375e+02 5.5000000000000000e+01
950 1.9027777099609375e+02 5.7500000000000000e+01
951 1.9027777099609375e+02 6.0000000000000000e+01
952 1.9027777099609375e+02 6.2500000000000000e+01
953 1.9027777099609375e+02 6.5000000000000000e+01
954 1.9027777099609375e+02 6.7500000000000000e+01
955 1.9027777099609375e+02 7.0000000000000000e+01
956 1.9027777099609375e+02 7.2500000000000000e+01
957 1.9027777099609375e+02 7.5000000000000000e+01
958 1.9027777099609375e+02 7.7500000000000000e+01
959 1.9027777099609375e+02 8.0000000000000000e+01
960 1.9027777099609375e+02 8.2500000000000000e+01
961 1.9027777099609375e+02 8.5000000000000000e+01
962 1.9027777099609375e+02 8.7500000000000000e+01
963 1.9027777099609375e+02 9.0000000000000000e+01
964 1.9027777099609375e+02 9.2500000000000000e+01
965 1.9027777099609375e+02 9.5000000000000000e+01
966 1.9027777099609375e+02 9.7500000000000000e+01
967 1.8784722900390625e+02 2.5000000000000000e+00
968 1.8784722900390625e+02 5.0000000000000000e+00
969 1.8784722900390625e+02 7.5000000000000000e+00
970 1.8784722900390625e+02 1.0000000000000000e+01
971 1.8784722900390625e+02 1.2500000000000000e+01
972 1.8784722900390625e+02 1.5000000000000000e+01
973 1.8784722900390625e+02 1.7500000000000000e+01
974 1.8784722900390625e+02 2.0000000000000000e+01
975 1.8784722900390625e+02 2.2500000000000000e+01
976 1.8784722900390625e+02 2.5000000000000000e+01
977 1.8784722900390625e+02 2.7500000000000000e+01
978 1.8784722900390625e+02 3.0000000000000000e+01
979 1.8784722900390625e+02 3.2500000000000000e+01
980 1.8784722900390625e+02 3.5000000000000000e+01
981 1.8784722900390625e+02 3.7500000000000000e+01
982 1.8784722900390625e+02 4.0000000000000000e+01
983 1.8784722900390625e+02 4.2500000000000000e+01
984 1.8784722900390625e+02 4.5000000000000000e+01
985 1.8784722900390625e+02 4.7500000000000000e+01
986 1.8784722900390625e+02 5.0000000000000000e+01
987 1.8784722900390625e+02 5.2500000000000000e+01
988 1.8784722900390625e+02 5.5000000000000000e+01
989 1.8784722900390625e+02 5.7500000000000000e+01
990 1.8784722900390625e+02 6.0000000000000000e+01
991 1.8784722900390625e+02 6.2500000000000000e+01
992 1.8784722900390625e+02 6.5000000000000000e+01
993 1.8784722900390625e+02 6.7500000000000000e+01
994 1.8784722900390625e+02 7.0000000000000000e+01
995 1.8784722900390625e+02 7.2500000000000000e+01
996 1.8784722900390625e+02 7.5000000000000000e+01
997 1.8784722900390625e+02 7.7500000000000000e+01
998 1.8784722900390625e+02 8.0000000000000000e+01
999 1.8784722900390625e+02 8.2500000000000000e+01
1000 1.8784722900390625e+02 8.5000000000000000e+01
1001 1.8784722900390625e+02 8.7500000000000000e+01
1002 1.8784722900390625e+02 9.0000000000000000e+01
1003 1.8784722900390625e+02 9.2500000000000000e+01
1004 1.8784722900390625e+02 9.5000000000000000e+01
1005 1.8784722900390625e+02 9.7500000000000000e+01
1006 1.8541667175292969e+02 2.5000000000000000e+00
1007 1.8541667175292969e+02 5.0000000000000000e+00
1008 1.8541667175292969e+02 7.5000000000000000e+00
1009 1.8541667175292969e+02 1.0000000000000000e+01
1010 1.8541667175292969e+02 1.2500000000000000e+01
1011 1.8541667175292969e+02 1.5000000000000000e+01
1012 1.8541667175292969e+02 1.7500000000000000e+01
1013 1.8541667175292969e+02 2.0000000000000000e+01
1014 1.8541667175292969e+02 2.2500000000000000e+01
1015 1.8541667175292969e+02 2.5000000000000000e+01
1016 1.8541667175292969e+02 2.7500000000000000e+01
1017 1.8541667175292969e+02 3.0000000000000000e+01
1018 1.8541667175292969e+02 3.2500000000000000e+01
1019 1.8541667175292969e+02 3.5000000000000000e+01
1020 1.8541667175292969e+02 3.7500000000000000e+01
1021 1.8541667175292969e+02 4.0000000000000000e+01
1022 1.8541667175292969e+02 4.2500000000000000e+01
1023 1.8541667175292969e+02 4.5000000000000000e+01
1024 1.8541667175292969e+02 4.7500000000000000e+01
1025 1.8541667175292969e+02 5.0000000000000000e+01
1026 1.8541667175292969e+02 5.2500000000000000e+01
1027 1.8541667175292969e+02 5.5000000000000000e+01
1028 1.8541667175292969e+02 5.7500000000000000e+01
1029 1.8541667175292969e+02 6.0000000000000000e+01
1030 1.8541667175292969e+02 6.2500000000000000e+01
1031 1.8541667175292969e+02 6.5000000000000000e+01
1032 1.8541667175292969e+02 6.7500000000000000e+01
1033 1.8541667175292969e+02 7.0000000000000000e+01
1034 1.8541667175292969e+02 7.2500000000000000e+01
1035 1.8541667175292969e+02 7.5000000000000000e+01
1036 1.8541667175292969e+02 7.7500000000000000e+01
1037 1.8541667175292969e+02 8.0000000000000000e+01
1038 1.8541667175292969e+02 8.2500000000000000e+01
1039 1.8541667175292969e+02 8.5000000000000000e+01
1040 1.8541667175292969e+02 8.7500000000000000e+01
1041 1.8541667175292969e+02 9.0000000000000000e+01
1042 1.8541667175292969e+02 9.2500000000000000e+01
1043 1.8541667175292969e+02 9.5000000000000000e+01
1044 1.8541667175292969e+02 9.7500000000000000e+01
1045 1.8298611450195312e+02 2.5000000000000000e+00
1046 1.8298611450195312e+02 5.0000000000000000e+00
1047 1.8298611450195312e+02 7.5000000000000000e+00
1048 1.8298611450195312e+02 1.0000000000000000e+01
1049 1.8298611450195312e+02 1.2500000000000000e+01
1050 1.8298611450195312e+02 1.5000000000000000e+01
1051 1.8298611450195312e+02 1.7500000000000000e+01
1052 1.8298611450195312e+02 2.0000000000000000e+01
1053 1.8298611450195312e+02 2.2500000000000000e+01
1054 1.8298611450195312e+02 2.5000000000000000e+01
1055 1.8298611450195312e+02 2.7500000000000000e+01
1056 1.8298611450195312e+02 3.0000000000000000e+01
1057 1.8298611450195312e+02 3.2500000000000000e+01
1058 1.8298611450195312e+02 3.5000000000000000e+01
1059 1.8298611450195312e+02 3.7500000000000000e+01
1060 1.8298611450195312e+02 4.0000000000000000e+01
1061 1.8298611450195312e+02 4.2500000000000000e+01
1062 1.8298611450195312e+02 4.5000000000000000e+01
1063 1.8298611450195312e+02 4.7500000000000000e+01
1064 1.8298611450195312e+02 5.0000000000000000e+01
1065 1.8298611450195312e+02 5.2500000000000000e+01
1066 1.8298611450195312e+02 5.5000000000000000e+01
1067 1.8298611450195312e+02 5.7500000000000000e+01
1068 1.8298611450195312e+02 6.0000000000000000e+01
1069 1.8298611450195312e+02 6.2500000000000000e+01
1070 1.8298611450195312e+02 6.5000000000000000e+01
1071 1.8298611450195312e+02 6.7500000000000000e+01
1072 1.8298611450195312e+02 7.0000000000000000e+01
1073 1.8298611450195312e+02 7.2500000000000000e+01
1074 1.8298611450195312e+02 7.5000000000000000e+01
1075 1.8298611450195312e+02 7.7500000000000000e+01
1076 1.8298611450195312e+02 8.0000000000000000e+01
1077 1.8298611450195312e+02 8.2500000000000000e+01
1078 1.8298611450195312e+02 8.5000000000000000e+01
1079 1.8298611450195312e+02 8.7500000000000000e+01
1080 1.8298611450195312e+02 9.0000000000000000e+01
1081 1.8298611450195312e+02 9.2500000000000000e+01
1082 1.8298611450195312e+02 9.5000000000000000e+01
1083 1.8298611450195312e+02 9.7500000000000000e+01
1084 1.8055555725097656e+02 2.5000000000000000e+00
1085 1.8055555725097656e+02 5.0000000000000000e+00
1086 1.8055555725097656e+02 7.5000000000000000e+00
1087 1.8055555725097656e+02 1.0000000000000000e+01
1088 1.8055555725097656e+02 1.2500000000000000e+01
1089 1.8055555725097656e+02 1.5000000000000000e+01
1090 1.8055555725097656e+02 1.7500000000000000e+01
1091 1.8055555725097656e+02 2.0000000000000000e+01
1092 1.8055555725097656e+02 2.2500000000000000e+01
1093 1.8055555725097656e+02 2.5000000000000000e+01
1094 1.8055555725097656e+02 2.7500000000000000e+01
1095 1.8055555725097656e+02 3.0000000000000000e+01
1096 1.8055555725097656e+02 3.2500000000000000e+01
1097 1.8055555725097656e+02 3.5000000000000000e+01
1098 1.8055555725097656e+02 3.7500000000000000e+01
1099 1.8055555725097656e+02 4.0000000000000000e+01
1100 1.8055555725097656e+02 4.2500000000000000e+01
1101 1.8055555725097656e+02 4.5000000000000000e+01
1102 1.8055555725097656e+02 4.7500000000000000e+01
1103 1.8055555725097656e+02 5.0000000000000000e+01
1104 1.8055555725097656e+02 5.2500000000000000e+01
1105 1.8055555725097656e+02 5.5000000000000000e+01
1106 1.8055555725097656e+02 5.7500000000000000e+01
1107 1.8055555725097656e+02 6.0000000000000000e+01
1108 1.8055555725097656e+02 6.2500000000000000e+01
1109 1.8055555725097656e+02 6.5000000000000000e+01
1110 1.8055555725097656e+02 6.7500000000000000e+01
1111 1.8055555725097656e+02 7.0000000000000000e+01
1112 1.8055555725097656e+02 7.2500000000000000e+01
1113 1.8055555725097656e+02 7.5000000000000000e+01
1114 1.8055555725097656e+02 7.7500000000000000e+01
1115 1.8055555725097656e+02 8.0000000000000000e+01
1116 1.8055555725097656e+02 8.2500000000000000e+01
1117 1.8055555725097656e+02 8.5000000000000000e+01
1118 1.8055555725097656e+02 8.7500000000000000e+01
1119 1.8055555725097656e+02 9.0000000000000000e+01
1120 1.8055555725097656e+02 9.2500000000000000e+01
1121 1.8055555725097656e+02 9.5000000000000000e+01
1122 1.8055555725097656e+02 9.7500000000000000e+01
1123 1.6944444274902344e+02 2.5000000000000000e+00
1124 1.6944444274902344e+02 5.0000000000000000e+00
1125 1.6944444274902344e+02 7.5000000000000000e+00
1126 1.6944444274902344e+02 1.0000000000000000e+01
1127 1.6944444274902344e+02 1.2500000000000000e+01
1128 1.6944444274902344e+02 1.5000000000000000e+01
1129 1.6944444274902344e+02 1.7500000000000000e+01
1130 1.6944444274902344e+02 2.0000000000000000e+01
1131 1.6944444274902344e+02 2.2500000000000000e+01
1132 1.6944444274902344e+02 2.5000000000000000e+01
1133 1.6944444274902344e+02 2.7500000000000000e+01
1134 1.6944444274902344e+02 3.0000000000000000e+01
1135 1.6944444274902344e+02 3.2500000000000000e+01
1136 1.6944444274902344e+02 3.5000000000000000e+01
1137 1.6944444274902344e+02 3.7500000000000000e+01
1138 1.6944444274902344e+02 4.0000000000000000e+01
1139 1.6944444274902344e+02 4.2500000000000000e+01
1140 1.6944444274902344e+02 4.5000000000000000e+01
1141 1.6944444274902344e+02 4.7500000000000000e+01
1142 1.6944444274902344e+02 5.0000000000000000e+01
1143 1.6944444274902344e+02 5.2500000000000000e+01
1144 1.6944444274902344e+02 5.5000000000000000e+01
1145 1.6944444274902344e+02 5.7500000000000000e+01
1146 1.6944444274902344e+02 6.0000000000000000e+01
1147 1.6944444274902344e+02 6.2500000000000000e+01
1148 1.6944444274902344e+02 6.5000000000000000e+01
1149 1.6944444274902344e+02 6.7500000000000000e+01
1150 1.6944444274902344e+02 7.0000000000000000e+01
1151 1.6944444274902344e+02 7.2500000000000000e+01
1152 1.6944444274902344e+02 7.5000000000000000e+01
1153 1.6944444274902344e+02 7.7500000000000000e+01
1154 1.6944444274902344e+02 8.0000000000000000e+01
1155 1.6944444274902344e+02 8.2500000000000000e+01
1156 1.6944444274902344e+02 8.5000000000000000e+01
1157 1.6944444274902344e+02 8.7500000000000000e+01
1158 1.6944444274902344e+02 9.0000000000000000e+01
1159 1.6944444274902344e+02 9.2500000000000000e+01
1160 1.6944444274902344e+02 9.5000000000000000e+01
1161 1.6944444274902344e+02 9.7500000000000000e+01
1162 1.6701388549804688e+02 2.5000000000000000e+00
1163 1.6701388549804688e+02 5.0000000000000000e+00
1164 1.6701388549804688e+02 7.5000000000000000e+00
1165 1.6701388549804688e+02 1.0000000000000000e+01
1166 1.6701388549804688e+02 1.2500000000000000e+01
1167 1.6701388549804688e+02 1.5000000000000000e+01
1168 1.6701388549804688e+02 1.7500000000000000e+01
1169 1.6701388549804688e+02 2.0000000000000000e+01
1170 1.6701388549804688e+02 2.2500000000000000e+01
1171 1.6701388549804688e+02 2.5000000000000000e+01
1172 1.6701388549804688e+02 2.7500000000000000e+01
1173 1.6701388549804688e+02 3.0000000000000000e+01
1174 1.6701388549804688e+02 3.2500000000000000e+01
1175 1.6701388549804688e+02 3.5000000000000000e+01
1176 1.6701388549804688e+02 3.7500000000000000e+01
1177 1.6701388549804688e+02 4.0000000000000000e+01
1178 1.6701388549804688e+02 4.2500000000000000e+01
1179 1.6701388549804688e+02 4.5000000000000000e+01
1180 1.6701388549804688e+02 4.7500000000000000e+01
1181 1.6701388549804688e+02 5.0000000000000000e+01
1182 1.6701388549804688e+02 5.2500000000000000e+01
1183 1.6701388549804688e+02 5.5000000000000000e+01
1184 1.6701388549804688e+02 5.7500000000000000e+01
1185 1.6701388549804688e+02 6.0000000000000000e+01
1186 1.6701388549804688e+02 6.2500000000000000e+01
1187 1.6701388549804688e+02 6.5000000000000000e+01
1188 1.6701388549804688e+02 6.7500000000000000e+01
1189 1.6701388549804688e+02 7.0000000000000000e+01
1190 1.6701388549804688e+02 7.2500000000000000e+01
1191 1.6701388549804688e+02 7.5000000000000000e+01
1192 1.6701388549804688e+02 7.7500000000000000e+01
1193 1.6701388549804688e+02 8.0000000000000000e+01
1194 1.6701388549804688e+02 8.2500000000000000e+01
1195 1.6701388549804688e+02 8.5000000000000000e+01
1196 1.6701388549804688e+02 8.7500000000000000e+01
1197 1.6701388549804688e+02 9.0000000000000000e+01
1198 1.6701388549804688e+02 9.2500000000000000e+01
1199 1.6701388549804688e+02 9.5000000000000000e+01
1200 1.6701388549804688e+02 9.7500000000000000e+01
1201 1.6458332824707031e+02 2.5000000000000000e+00
1202 1.6458332824707031e+02 5.0000000000000000e+00
1203 1.6458332824707031e+02 7.5000000000000000e+00
1204 1.6458332824707031e+02 1.0000000000000000e+01
1205 1.6458332824707031e+02 1.2500000000000000e+01
1206 1.6458332824707031e+02 1.5000000000000000e+01
1207 1.6458332824707031e+02 1.7500000000000000e+01
1208 1.6458332824707031e+02 2.0000000000000000e+01
1209 1.6458332824707031e+02 2.2500000000000000e+01
1210 1.6458332824707031e+02 2.5000000000000000e+01
1211 1.6458332824707031e+02 2.7500000000000000e+01
1212 1.6458332824707031e+02 3.0000000000000000e+01
1213 1.6458332824707031e+02 3.2500000000000000e+01
1214 1.6458332824707031e+02 3.5000000000000000e+01
1215 1.6458332824707031e+02 3.7500000000000000e+01
1216 1.6458332824707031e+02 4.0000000000000000e+01
1217 1.6458332824707031e+02 4.2500000000000000e+01
1218 1.6458332824707031e+02 4.5000000000000000e+01
1219 1.6458332824707031e+02 4.7500000000000000e+01
1220 1.6458332824707031e+02 5.0000000000000000e+01
1221 1.6458332824707031e+02 5.2500000000000000e+01
1222 1.6458332824707031e+02 5.5000000000000000e+01
1223 1.6458332824707031e+02 5.7500000000000000e+01
1224 1.6458332824707031e+02 6.0000000000000000e+01
1225 1.6458332824707031e+02 6.2500000000000000e+01
1226 1.6458332824707031e+02 6.5000000000000000e+01
1227 1.6458332824707031e+02 6.7500000000000000e+01
1228 1.6458332824707031e+02 7.0000000000000000e+01
1229 1.6458332824707031e+02 7.2500000000000000e+01
1230 1.6458332824707031e+02 7.5000000000000000e+01
1231 1.6458332824707031e+02 7.7500000000000000e+01
1232 1.6458332824707031e+02 8.0000000000000000e+01
1233 1.6458332824707031e+02 8.2500000000000000e+01
1234 1.6458332824707031e+02 8.5000000000000000e+01
1235 1.6458332824707031e+02 8.7500000000000000e+01
1236 1.6458332824707031e+02 9.0000000000000000e+01
1237 1.6458332824707031e+02 9.2500000000000000e+01
1238 1.6458332824707031e+02 9.5000000000000000e+01
1239 1.6458332824707031e+02 9.7500000000000000e+01
1240 1.6215277099609375e+02 2.5000000000000000e+00
1241 1.6215277099609375e+02 5.0000000000000000e+00
1242 1.6215277099609375e+02 7.5000000000000000e+00
1243 1.6215277099609375e+02 1.0000000000000000e+01
1244 1.6215277099609375e+02 1.2500000000000000e+01
1245 1.6215277099609375e+02 1.5000000000000000e+01
1246 1.6215277099609375e+02 1.7500000000000000e+01
1247 1.6215277099609375e+02 2.0000000000000000e+01
1248 1.6215277099609375e+02 2.2500000000000000e+01
1249 1.6215277099609375e+02 2.5000000000000000e+01
1250 1.6215277099609375e+02 2.7500000000000000e+01
1251 1.6215277099609375e+02 3.0000000000000000e+01
1252 1.6215277099609375e+02 3.2500000000000000e+01
1253 1.6215277099609375e+02 3.5000000000000000e+01
1254 1.6215277099609375e+02 3.7500000000000000e+01
1255 1.6215277099609375e+02 4.0000000000000000e+01
1256 1.6215277099609375e+02 4.2500000000000000e+01
1257 1.6215277099609375e+02 4.5000000000000000e+01
1258 1.6215277099609375e+02 4.7500000000000000e+01
1259 1.6215277099609375e+02 5.0000000000000000e+01
1260 1.6215277099609375e+02 5.2500000000000000e+01
1261 1.6215277099609375e+02 5.5000000000000000e+01
1262 1.6215277099609375e+02 5.7500000000000000e+01
1263 1.6215277099609375e+02 6.0000000000000000e+01
1264 1.6215277099609375e+02 6.2500000000000000e+01
1265 1.6215277099609375e+02 6.5000000000000000e+01
1266 1.6215277099609375e+02 6.7500000000000000e+01
1267 1.6215277099609375e+02 7.0000000000000000e+01
1268 1.6215277099609375e+02 7.2500000000000000e+01
1269 1.6215277099609375e+02 7.5000000000000000e+01
1270 1.6215277099609375e+02 7.7500000000000000e+01
1271 1.6215277099609375e+02 8.0000000000000000e+01
1272 1.6215277099609375e+02 8.2500000000000000e+01
1273 1.6215277099609375e+02 8.5000000000000000e+01
1274 1.6215277099609375e+02 8.7500000000000000e+01
1275 1.6215277099609375e+02 9.0000000000000000e+01
1276 1.6215277099609375e+02 9.2500000000000000e+01
1277 1.6215277099609375e+02 9.5000000000000000e+01
1278 1.6215277099609375e+02 9.7500000000000000e+01
1279 1.5972222900390625e+02 2.5000000000000000e+00
1280 1.5972222900390625e+02 5.0000000000000000e+00
1281 1.5972222900390625e+02 7.5000000000000000e+00
1282 1.5972222900390625e+02 1.0000000000000000e+01
1283 1.5972222900390625e+02 1.2500000000000000e+01
1284 1.5972222900390625e+02 1.5000000000000000e+01
1285 1.5972222900390625e+02 1.7500000000000000e+01
1286 1.5972222900390625e+02 2.0000000000000000e+01
1287 1.5972222900390625e+02 2.2500000000000000e+01
1288 1.5972222900390625e+02 2.5000000000000000e+01
1289 1.5972222900390625e+02 2.7500000000000000e+01
1290 1.5972222900390625e+02 3.0000000000000000e+01
1291 1.5972222900390625e+02 3.2500000000000000e+01
1292 1.5972222900390625e+02 3.5000000000000000e+01
1293 1.5972222900390625e+02 3.7500000000000000e+01
1294 1.5972222900390625e+02 4.0000000000000000e+01
1295 1.5972222900390625e+02 4.2500000000000000e+01
1296 1.5972222900390625e+02 4.5000000000000000e+01
1297 1.5972222900390625e+02 4.7500000000000000e+01
1298 1.5972222900390625e+02 5.0000000000000000e+01
1299 1.5972222900390625e+02 5.2500000000000000e+01
1300 1.5972222900390625e+02 5.5000000000000000e+01
1301 1.5972222900390625e+02 5.7500000000000000e+01
1302 1.5972222900390625e+02 6.0000000000000000e+01
1303 1.5972222900390625e+02 6.2500000000000000e+01
1304 1.5972222900390625e+02 6.5000000000000000e+01
1305 1.5972222900390625e+02 6.7500000000000000e+01
1306 1.5972222900390625e+02 7.0000000000000000e+01
1307 1.5972222900390625e+02 7.2500000000000000e+01
1308 1.5972222900390625e+02 7.5000000000000000e+01
1309 1.5972222900390625e+02 7.7500000000000000e+01
1310 1.5972222900390625e+02 8.0000000000000000e+01
1311 1.5972222900390625e+02 8.2500000000000000e+01
1312 1.5972222900390625e+02 8.5000000000000000e+01
1313 1.5972222900390625e+02 8.7500000000000000e+01
1314 1.5972222900390625e+02 9.0000000000000000e+01
1315 1.5972222900390625e+02 9.2500000000000000e+01
1316 1.5972222900390625e+02 9.5000000000000000e+01
1317 1.5972222900390625e+02 9.7500000000000000e+01
1318 1.5729167175292969e+02 2.5000000000000000e+00
1319 1.5729167175292969e+02 5.0000000000000000e+00
1320 1.5729167175292969e+02 7.5000000000000000e+00
1321 1.5729167175292969e+02 1.0000000000000000e+01
1322 1.5729167175292969e+02 1.2500000000000000e+01
1323 1.5729167175292969e+02 1.5000000000000000e+01
1324 1.5729167175292969e+02 1.7500000000000000e+01
1325 1.5729167175292969e+02 2.0000000000000000e+01
1326 1.5729167175292969e+02 2.2500000000000000e+01
1327 1.5729167175292969e+02 2.5000000000000000e+01
1328 1.5729167175292969e+02 2.7500000000000000e+01
1329 1.5729167175292969e+02 3.0000000000000000e+01
1330 1.5729167175292969e+02 3.2500000000000000e+01
1331 1.5729167175292969e+02 3.5000000000000000e+01
1332 1.5729167175292969e+02 3.7500000000000000e+01
1333 1.5729167175292969e+02 4.0000000000000000e+01
1334 1.5729167175292969e+02 4.2500000000000000e+01
1335 1.5729167175292969e+02 4.5000000000000000e+01
1336 1.5729167175292969e+02 4.7500000000000000e+01
1337 1.5729167175292969e+02 5.0000000000000000e+01
1338 1.5729167175292969e+02 5.2500000000000000e+01
1339 1.5729167175292969e+02 5.5000000000000000e+01
1340 1.5729167175292969e+02 5.7500000000000000e+01
1341 1.5729167175292969e+02 6.0000000000000000e+01
1342 1.5729167175292969e+02 6.2500000000000000e+01
1343 1.5729167175292969e+02 6.5000000000000000e+01
1344 1.5729167175292969e+02 6.7500000000000000e+01
1345 1.5729167175292969e+02 7.0000000000000000e+01
1346 1.5729167175292969e+02 7.2500000000000000e+01
1347 1.5729167175292969e+02 7.5000000000000000e+01
1348 1.5729167175292969e+02 7.7500000000000000e+01
1349 1.5729167175292969e+02 8.0000000000000000e+01
1350 1.5729167175292969e+02 8.2500000000000000e+01
1351 1.5729167175292969e+02 8.5000000000000000e+01
1352 1.5729167175292969e+02 8.7500000000000000e+01
1353 1.5729167175292969e+02 9.0000000000000000e+01
1354 1.5729167175292969e+02 9.2500000000000000e+01
1355 1.5729167175292969e+02 9.5000000000000000e+01
1356 1.5729167175292969e+02 9.7500000000000000e+01
1357 1.5486111450195312e+02 2.5000000000000000e+00
1358 1.5486111450195312e+02 5.0000000000000000e+00
1359 1.5486111450195312e+02 7.5000000000000000e+00
1360 1.5486111450195312e+02 1.0000000000000000e+01
1361 1.5486111450195312e+02 1.2500000000000000e+01
1362 1.5486111450195312e+02 1.5000000000000000e+01
1363 1.5486111450195312e+02 1.7500000000000000e+01
1364 1.5486111450195312e+02 2.0000000000000000e+01
1365 1.5486111450195312e+02 2.2500000000000000e+01
1366 1.5486111450195312e+02 2.5000000000000000e+01
1367 1.5486111450195312e+02 2.7500000000000000e+01
1368 1.5486111450195312e+02 3.0000000000000000e+01
1369 1.5486111450195312e+02 3.2500000000000000e+01
1370 1.5486111450195312e+02 3.5000000000000000e+01
1371 1.5486111450195312e+02 3.7500000000000000e+01
1372 1.5486111450195312e+02 4.0000000000000000e+01
1373 1.5486111450195312e+02 4.2500000000000000e+01
1374 1.5486111450195312e+02 4.5000000000000000e+01
1375 1.5486111450195312e+02 4.7500000000000000e+01
1376 1.5486111450195312e+02 5.0000000000000000e+01
1377 1.5486111450195312e+02 5.2500000000000000e+01
1378 1.5486111450195312e+02 5.5000000000000000e+01
1379 1.5486111450195312e+02 5.7500000000000000e+01
1380 1.5486111450195312e+02 6.0000000000000000e+01
1381 1.5486111450195312e+02 6.2500000000000000e+01
1382 1.5486111450195312e+02 6.5000000000000000e+01
1383 1.5486111450195312e+02 6.7500000000000000e+01
1384 1.5486111450195312e+02 7.0000000000000000e+01
1385 1.5486111450195312e+02 7.2500000000000000e+01
1386 1.5486111450195312e+02 7.5000000000000000e+01
1387 1.5486111450195312e+02 7.7500000000000000e+01
1388 1.5486111450195312e+02 8.0000000000000000e+01
1389 1.5486111450195312e+02 8.2500000000000000e+01
1390 1.5486111450195312e+02 8.5000000000000000e+01
1391 1.5486111450195312e+02 8.7500000000000000e+01
1392 1.5486111450195312e+02 9.0000000000000000e+01
1393 1.5486111450195312e+02 9.2500000000000000e+01
1394 1.5486111450195312e+02 9.5000000000000000e+01
1395 1.5486111450195312e+02 9.7500000000000000e+01
1396 1.5243055725097656e+02 2.5000000000000000e+00
1397 1.5243055725097656e+02 5.0000000000000000e+00
1398 1.5243055725097656e+02 7.5000000000000000e+00
1399 1.5243055725097656e+02 1.0000000000000000e+01
1400 1.5243055725097656e+02 1.2500000000000000e+01
1401 1.5243055725097656e+02 1.5000000000000000e+01
1402 1.5243055725097656e+02 1.7500000000000000e+01
1403 1.5243055725097656e+02 2.0000000000000000e+01
1404 1.5243055725097656e+02 2.2500000000000000e+01
1405 1.5243055725097656e+02 2.5000000000000000e+01
1406 1.5243055725097656e+02 2.7500000000000000e+01
1407 1.5243055725097656e+02 3.0000000000000000e+01
1408 1.5243055725097656e+02 3.2500000000000000e+01
1409 1.5243055725097656e+02 3.5000000000000000e+01
1410 1.5243055725097656e+02 3.7500000000000000e+01
1411 1.5243055725097656e+02 4.0000000000000000e+01
1412 1.5243055725097656e+02 4.2500000000000000e+01
1413 1.5243055725097656e+02 4.5000000000000000e+01
1414 1.5243055725097656e+02 4.7500000000000000e+01
1415 1.5243055725097656e+02 5.0000000000000000e+01
1416 1.5243055725097656e+02 5.2500000000000000e+01
1417 1.5243055725097656e+02 5.5000000000000000e+01
1418 1.5243055725097656e+02 5.7500000000000000e+01
1419 1.5243055725097656e+02 6.0000000000000000e+01
1420 1.5243055725097656e+02 6.2500000000000000e+01
1421 1.5243055725097656e+02 6.5000000000000000e+01
1422 1.5243055725097656e+02 6.7500000000000000e+01
1423 1.5243055725097656e+02 7.0000000000000000e+01
1424 1.5243055725097656e+02 7.2500000000000000e+01
1425 1.5243055725097656e+02 7.5000000000000000e+01
1426 1.5243055725097656e+02 7.7500000000000000e+01
1427 1.5243055725097656e+02 8.0000000000000000e+01
1428 1.5243055725097656e+02 8.2500000000000000e+01
1429 1.5243055725097656e+02 8.5000000000000000e+01
1430 1.5243055725097656e+02 8.7500000000000000e+01
1431 1.5243055725097656e+02 9.0000000000000000e+01
1432 1.5243055725097656e+02 9.2500000000000000e+01
1433 1.5243055725097656e+02 9.5000000000000000e+01
1434 1.5243055725097656e+02 9.7500000000000000e+01
1435 6.2500000000000000e+01 9.7500000000000000e+01
1436 6.2500000000000000e+01 9.5000000000000000e+01
1437 6.2500000000000000e+01 9.2500000000000000e+01
1438 6.2500000000000000e+01 9.0000000000000000e+01
1439 6.2500000000000000e+01 8.7500000000000000e+01
1440 6.2500000000000000e+01 8.5000000000000000e+01
1441 6.2500000000000000e+01 8.2500000000000000e+01
1442 6.2500000000000000e+01 8.0000000000000000e+01
1443 6.2500000000000000e+01 7.7500000000000000e+01
1444 6.2500000000000000e+01 7.5000000000000000e+01
1445 6.2500000000000000e+01 7.2500000000000000e+01
1446 6.2500000000000000e+01 7.0000000000000000e+01
1447 6.2500000000000000e+01 6.7500000000000000e+01
1448 6.2500000000000000e+01 6.5000000000000000e+01
1449 6.2500000000000000e+01 6.2500000000000000e+01
1450 6.2500000000000000e+01 6.0000000000000000e+01
1451 6.2500000000000000e+01 5.7500000000000000e+01
1452 6.2500000000000000e+01 5.5000000000000000e+01
1453 6.2500000000000000e+01 5.2500000000000000e+01
1454 6.2500000000000000e+01 5.0000000000000000e+01
1455 6.2500000000000000e+01 4.7500000000000000e+01
1456 6.2500000000000000e+01 4.5000000000000000e+01
1457 6.2500000000000000e+01 4.2500000000000000e+01
1458 6.2500000000000000e+01 4.0000000000000000e+01
1459 6.2500000000000000e+01 3.7500000000000000e+01
1460 6.2500000000000000e+01 3.5000000000000000e+01
1461 6.2500000000000000e+01 3.2500000000000000e+01
1462 6.2500000000000000e+01 3.0000000000000000e+01
1463 6.2500000000000000e+01 2.7500000000000000e+01
1464 6.2500000000000000e+01 2.5000000000000000e+01
1465 6.2500000000000000e+01 2.2500000000000000e+01
1466 6.2500000000000000e+01 2.0000000000000000e+01
1467 6.2500000000000000e+01 1.7500000000000000e+01
1468 6.2500000000000000e+01 1.5000000000000000e+01
1469 6.2500000000000000e+01 1.2500000000000000e+01
1470 6.2500000000000000e+01 1.0000000000000000e+01
1471 6.2500000000000000e+01 7.5000000000000000e+00
1472 6.2500000000000000e+01 5.0000000000000000e+00
1473 6.2500000000000000e+01 2.5000000000000000e+00
1474 7.5000000000000000e+01 9.7500000000000000e+01
1475 7.5000000000000000e+01 9.5000000000000000e+01
1476 7.5000000000000000e+01 9.2500000000000000e+01
1477 7.5000000000000000e+01 9.0000000000000000e+01
1478 7.5000000000000000e+01 8.7500000000000000e+01
1479 7.5000000000000000e+01 8.5000000000000000e+01
1480 7.5000000000000000e+01 8.2500000000000000e+01
1481 7.5000000000000000e+01 8.0000000000000000e+01
1482 7.5000000000000000e+01 7.7500000000000000e+01
1483 7.5000000000000000e+01 7.5000000000000000e+01
1484 7.5000000000000000e+01 7.2500000000000000e+01
1485 7.5000000000000000e+01 7.0000000000000000e+01
1486 7.5000000000000000e+01 6.7500000000000000e+01
1487 7.5000000000000000e+01 6.5000000000000000e+01
1488 7.5000000000000000e+01 6.2500000000000000e+01
1489 7.5000000000000000e+01 6.0000000000000000e+01
1490 7.5000000000000000e+01 5.7500000000000000e+01
1491 7.5000000000000000e+01 5.5000000000000000e+01
1492 7.5000000000000000e+01 5.2500000000000000e+01
1493 7.5000000000000000e+01 5.0000000000000000e+01
1494 7.5000000000000000e+01 4.7500000000000000e+01
1495 7.5000000000000000e+01 4.5000000000000000e+01
1496 7.5000000000000000e+01 4.2500000000000000e+01
1497 7.5000000000000000e+01 4.0000000000000000e+01
1498 7.5000000000000000e+01 3.7500000000000000e+01
1499 7.5000000000000000e+01 3.5000000000000000e+01
1500 7.5000000000000000e+01 3.2500000000000000e+01
1501 7.5000000000000000e+01 3.0000000000000000e+01
1502 7.5000000000000000e+01 2.7500000000000000e+01
1503 7.5000000000000000e+01 2.5000000000000000e+01
1504 7.5000000000000000e+01 2.2500000000000000e+01
1505 7.5000000000000000e+01 2.0000000000000000e+01
1506 7.5000000000000000e+01 1.7500000000000000e+01
1507 7.5000000000000000e+01 1.5000000000000000e+01
1508 7.5000000000000000e+01 1.2500000000000000e+01
1509 7.5000000000000000e+01 1.0000000000000000e+01
1510 7.5000000000000000e+01 7.5000000000000000e+00
1511 7.5000000000000000e+01 5.0000000000000000e+00
1512 7.5000000000000000e+01 2.5000000000000000e+00
1513 8.7500000000000000e+01 9.7500000000000000e+01
1514 8.7500000000000000e+01 9.5000000000000000e+01
1515 8.7500000000000000e+01 9.2500000000000000e+01
1516 8.7500000000000000e+01 9.0000000000000000e+01
1517 8.7500000000000000e+01 8.7500000000000000e+01
1518 8.7500000000000000e+01 8.5000000000000000e+01
1519 8.7500000000000000e+01 8.2500000000000000e+01
1520 8.7500000000000000e+01 8.0000000000000000e+01
1521 8.7500000000000000e+01 7.7500000000000000e+01
1522 8.7500000000000000e+01 7.5000000000000000e+01
1523 8.7500000000000000e+01 7.2500000000000000e+01
1524 8.7500000000000000e+01 7.0000000000000000e+01
1525 8.7500000000000000e+01 6.7500000000000000e+01
1526 8.7500000000000000e+01 6.5000000000000000e+01
1527 8.7500000000000000e+01 6.2500000000000000e+01
1528 8.7500000000000000e+01 6.0000000000000000e+01
1529 8.7500000000000000e+01 5.7500000000000000e+01
1530 8.7500000000000000e+01 5.5000000000000000e+01
1531 8.7500000000000000e+01 5.2500000000000000e+01
1532 8.7500000000000000e+01 5.0000000000000000e+01
1533 8.7500000000000000e+01 4.7500000000000000e+01
1534 8.7500000000000000e+01 4.5000000000000000e+01
1535 8.7500000000000000e+01 4.2500000000000000e+01
1536 8.7500000000000000e+01 4.0000000000000000e+01
1537 8.7500000000000000e+01 3.7500000000000000e+01
1538 8.7500000000000000e+01 3.5000000000000000e+01
1539 8.7500000000000000e+01 3.2500000000000000e+01
1540 8.7500000000000000e+01 3.0000000000000000e+01
1541 8.7500000000000000e+01 2.7500000000000000e+01
1542 8.7500000000000000e+01 2.5000000000000000e+01
1543 8.7500000000000000e+01 2.2500000000000000e+01
1544 8.7500000000000000e+01 2.0000000000000000e+01
1545 8.7500000000000000e+01 1.7500000000000000e+01
1546 8.7500000000000000e+01 1.5000000000000000e+01
1547 8.7500000000000000e+01 1.2500000000000000e+01
1548 8.7500000000000000e+01 1.0000000000000000e+01
1549 8.7500000000000000e+01 7.5000000000000000e+00
1550 8.7500000000000000e+01 5.0000000000000000e+00
1551 8.7500000000000000e+01 2.5000000000000000e+00
1552 1.0000000000000000e+02 9.7500000000000000e+01
1553 1.0000000000000000e+02 9.5000000000000000e+01
1554 1.0000000000000000e+02 9.2500000000000000e+01
1555 1.0000000000000000e+02 9.0000000000000000e+01
1556 1.0000000000000000e+02 8.7500000000000000e+01
1557 1.0000000000000000e+02 8.5000000000000000e+01
1558 1.0000000000000000e+02 8.2500000000000000e+01
1559 1.0000000000000000e+02 8.0000000000000000e+01
1560 1.0000000000000000e+02 7.7500000000000000e+01
1561 1.0000000000000000e+02 7.5000000000000000e+01
1562 1.0000000000000000e+02 7.2500000000000000e+01
1563 1.0000000000000000e+02 7.0000000000000000e+01
1564 1.0000000000000000e+02 6.7500000000000000e+01
1565 1.0000000000000000e+02 6.5000000000000000e+01
1566 1.0000000000000000e+02 6.2500000000000000e+01
1567 1.0000000000000000e+02 6.0000000000000000e+01
1568 1.0000000000000000e+02 5.7500000000000000e+01
1569 1.0000000000000000e+02 5.5000000000000000e+01
1570 1.0000000000000000e+02 5.2500000000000000e+01
1571 1.0000000000000000e+02 5.0000000000000000e+01
1572 1.0000000000000000e+02 4.7500000000000000e+01
1573 1.0000000000000000e+02 4.5000000000000000e+01
1574 1.0000000000000000e+02 4.2500000000000000e+01
1575 1.0000000000000000e+02 4.0000000000000000e+01
1576 1.0000000000000000e+02 3.7500000000000000e+01
1577 1.0000000000000000e+02 3.5000000000000000e+01
1578 1.0000000000000000e+02 3.2500000000000000e+01
1579 1.0000000000000000e+02 3.0000000000000000e+01
1580 1.0000000000000000e+02 2.7500000000000000e+01
1581 1.0000000000000000e+02 2.5000000000000000e+01
1582 1.0000000000000000e+02 2.2500000000000000e+01
1583 1.0000000000000000e+02 2.0000000000000000e+01
1584 1.0000000000000000e+02 1.7500000000000000e+01
1585 1.0000000000000000e+02 1.5000000000000000e+01
1586 1.0000000000000000e+02 1.2500000000000000e+01
1587 1.0000000000000000e+02 1.0000000000000000e+01
1588 1.0000000000000000e+02 7.5000000000000000e+00
1589 1.0000000000000000e+02 5.0000000000000000e+00
1590 1.0000000000000000e+02 2.5000000000000000e+00
1591 1.1250000000000000e+02 9.7500000000000000e+01
1592 1.1250000000000000e+02 9.5000000000000000e+01
1593 1.1250000000000000e+02 9.2500000000000000e+01
1594 1.1250000000000000e+02 9.0000000000000000e+01
1595 1.1250000000000000e+02 8.7500000000000000e+01
1596 1.1250000000000000e+02 8.5000000000000000e+01
1597 1.1250000000000000e+02 8.2500000000000000e+01
1598 1.1250000000000000e+02 8.0000000000000000e+01
1599 1.1250000000000000e+02 7.7500000000000000e+01
1600 1.1250000000000000e+02 7.5000000000000000e+01
1601 1.1250000000000000e+02 7.2500000000000000e+01
1602 1.1250000000000000e+02 7.0000000000000000e+01
1603 1.1250000000000000e+02 6.7500000000000000e+01
1604 1.1250000000000000e+02 6.5000000000000000e+01
1605 1.1250000000000000e+02 6.2500000000000000e+01
1606 1.1250000000000000e+02 6.0000000000000000e+01
1607 1.1250000000000000e+02 5.7500000000000000e+01
1608 1.1250000000000000e+02 5.5000000000000000e+01
1609 1.1250000000000000e+02 5.2500000000000000e+01
1610 1.1250000000000000e+02 5.0000000000000000e+01
1611 1.1250000000000000e+02 4.7500000000000000e+01
1612 1.1250000000000000e+02 4.5000000000000000e+01
1613 1.1250000000000000e+02 4.2500000000000000e+01
1614 1.1250000000000000e+02 4.0000000000000000e+01
1615 1.1250000000000000e+02 3.7500000000000000e+01
1616 1.1250000000000000e+02 3.5000000000000000e+01
1617 1.1250000000000000e+02 3.2500000000000000e+01
1618 1.1250000000000000e+02 3.0000000000000000e+01
1619 1.1250000000000000e+02 2.7500000000000000e+01
1620 1.1250000000000000e+02 2.5000000000000000e+01
1621 1.1250000000000000e+02 2.2500000000000000e+01
1622 1.1250000000000000e+02 2.0000000000000000e+01
1623 1.1250000000000000e+02 1.7500000000000000e+01
1624 1.1250000000000000e+02 1.5000000000000000e+01
1625 1.1250000000000000e+02 1.2500000000000000e+01
1626 1.1250000000000000e+02 1.0000000000000000e+01
1627 1.1250000000000000e+02 7.5000000000000000e+00
1628 1.1250000000000000e+02 5.0000000000000000e+00
1629 1.1250000000000000e+02 2.5000000000000000e+00
1630 1.2500000000000000e+02 9.7500000000000000e+01
1631 1.2500000000000000e+02 9.5000000000000000e+01
1632 1.2500000000000000e+02 9.2500000000000000e+01
1633 1.2500000000000000e+02 9.0000000000000000e+01
1634 1.2500000000000000e+02 8.7500000000000000e+01
1635 1.2500000000000000e+02 8.5000000000000000e+01
1636 1.2500000000000000e+02 8.2500000000000000e+01
1637 1.2500000000000000e+02 8.0000000000000000e+01
1638 1.2500000000000000e+02 7.7500000000000000e+01
1639 1.2500000000000000e+02 7.5000000000000000e+01
1640 1.2500000000000000e+02 7.2500000000000000e+01
1641 1.2500000000000000e+02 7.0000000000000000e+01
1642 1.2500000000000000e+02 6.7500000000000000e+01
1643 1.2500000000000000e+02 6.5000000000000000e+01
1644 1.2500000000000000e+02 6.2500000000000000e+01
1645 1.2500000000000000e+02 6.0000000000000000e+01
1646 1.2500000000000000e+02 5.7500000000000000e+01
1647 1.2500000000000000e+02 5.5000000000000000e+01
1648 1.2500000000000000e+02 5.2500000000000000e+01
1649 1.2500000000000000e+02 5.0000000000000000e+01
1650 1.2500000000000000e+02 4.7500000000000000e+01
1651 1.2500000000000000e+02 4.5000000000000000e+01
1652 1.2500000000000000e+02 4.2500000000000000e+01
1653 1.2500000000000000e+02 4.0000000000000000e+01
1654 1.2500000000000000e+02 3.7500000000000000e+01
1655 1.2500000000000000e+02 3.5000000000000000e+01
1656 1.2500000000000000e+02 3.2500000000000000e+01
1657 1.2500000000000000e+02 3.0000000000000000e+01
1658 1.2500000000000000e+02 2.7500000000000000e+01
1659 1.2500000000000000e+02 2.5000000000000000e+01
1660 1.2500000000000000e+02 2.2500000000000000e+01
1661 1.2500000000000000e+02 2.0000000000000000e+01
1662 1.2500000000000000e+02 1.7500000000000000e+01
1663 1.2500000000000000e+02 1.5000000000000000e+01
1664 1.2500000000000000e+02 1.2500000000000000e+01
1665 1.2500000000000000e+02 1.0000000000000000e+01
1666 1.2500000000000000e+02 7.5000000000000000e+00
1667 1.2500000000000000e+02 5.0000000000000000e+00
1668 1.2500000000000000e+02 2.5000000000000000e+00
1669 1.3750000000000000e+02 9.7500000000000000e+01
1670 1.3750000000000000e+02 9.5000000000000000e+01
1671 1.3750000000000000e+02 9.2500000000000000e+01
1672 1.3750000000000000e+02 9.0000000000000000e+01
1673 1.3750000000000000e+02 8.7500000000000000e+01
1674 1.3750000000000000e+02 8.5000000000000000e+01
1675 1.3750000000000000e+02 8.2500000000000000e+01
1676 1.3750000000000000e+02 8.0000000000000000e+01
1677 1.3750000000000000e+02 7.7500000000000000e+01
1678 1.3750000000000000e+02 7.5000000000000000e+01
1679 1.3750000000000000e+02 7.2500000000000000e+01
1680 1.3750000000000000e+02 7.0000000000000000e+01
1681 1.3750000000000000e+02 6.7500000000000000e+01
1682 1.3750000000000000e+02 6.5000000000000000e+01
1683 1.3750000000000000e+02 6.2500000000000000e+01
1684 1.3750000000000000e+02 6.0000000000000000e+01
1685 1.3750000000000000e+02 5.7500000000000000e+01
1686 1.3750000000000000e+02 5.5000000000000000e+01
1687 1.3750000000000000e+02 5.2500000000000000e+01
1688 1.3750000000000000e+02 5.0000000000000000e+01
1689 1.3750000000000000e+02 4.7500000000000000e+01
1690 1.3750000000000000e+02 4.5000000000000000e+01
1691 1.3750000000000000e+02 4.2500000000000000e+01
1692 1.3750000000000000e+02 4.0000000000000000e+01
1693 1.3750000000000000e+02 3.7500000000000000e+01
1694 1.3750000000000000e+02 3.5000000000000000e+01
1695 1.3750000000000000e+02 3.2500000000000000e+01
1696 1.3750000000000000e+02 3.0000000000000000e+01
1697 1.3750000000000000e+02 2.7500000000000000e+01
1698 1.3750000000000000e+02 2.5000000000000000e+01
1699 1.3750000000000000e+02 2.2500000000000000e+01
1700 1.3750000000000000e+02 2.0000000000000000e+01
1701 1.3750000000000000e+02 1.7500000000000000e+01
1702 1.3750000000000000e+02 1.5000000000000000e+01
1703 1.3750000000000000e+02 1.2500000000000000e+01
1704 1.3750000000000000e+02 1.0000000000000000e+01
1705 1.3750000000000000e+02 7.5000000000000000e+00
1706 1.3750000000000000e+02 5.0000000000000000e+00
1707 1.3750000000000000e+02 2.5000000000000000e+00
1708 3.7500000000000000e+01 2.5000000000000000e+00
1709 3.7500000000000000e+01 5.0000000000000000e+00
1710 3.7500000000000000e+01 7.5000000000000000e+00
1711 3.7500000000000000e+01 1.0000000000000000e+01
1712 3.7500000000000000e+01 1.2500000000000000e+01
1713 3.7500000000000000e+01 1.5000000000000000e+01
1714 3.7500000000000000e+01 1.7500000000000000e+01
1715 3.7500000000000000e+01 2.0000000000000000e+01
1716 3.7500000000000000e+01 2.2500000000000000e+01
1717 3.7500000000000000e+01 2.5000000000000000e+01
1718 3.7500000000000000e+01 2.7500000000000000e+01
1719 3.7500000000000000e+01 3.0000000000000000e+01
1720 3.7500000000000000e+01 3.2500000000000000e+01
1721 3.7500000000000000e+01 3.5000000000000000e+01
1722 3.7500000000000000e+01 3.7500000000000000e+01
1723 3.7500000000000000e+01 4.0000000000000000e+01
1724 3.7500000000000000e+01 4.2500000000000000e+01
1725 3.7500000000000000e+01 4.5000000000000000e+01
1726 3.7500000000000000e+01 4.7500000000000000e+01
1727 3.7500000000000000e+01 5.0000000000000000e+01
1728 3.7500000000000000e+01 5.2500000000000000e+01
1729 3.7500000000000000e+01 5.5000000000000000e+01
1730 3.7500000000000000e+01 5.7500000000000000e+01
1731 3.7500000000000000e+01 6.0000000000000000e+01
1732 3.7500000000000000e+01 6.2500000000000000e+01
1733 3.7500000000000000e+01 6.5000000000000000e+01
1734 3.7500000000000000e+01 6.7500000000000000e+01
1735 3.7500000000000000e+01 7.0000000000000000e+01
1736 3.7500000000000000e+01 7.2500000000000000e+01
1737 3.7500000000000000e+01 7.5000000000000000e+01
1738 3.7500000000000000e+01 7.7500000000000000e+01
1739 3.7500000000000000e+01 8.0000000000000000e+01
1740 3.7500000000000000e+01 8.2500000000000000e+01
1741 3.7500000000000000e+01 8.5000000000000000e+01
1742 3.7500000000000000e+01 8.7500000000000000e+01
1743 3.7500000000000000e+01 9.0000000000000000e+01
1744 3.7500000000000000e+01 9.2500000000000000e+01
1745 3.7500000000000000e+01 9.5000000000000000e+01
1746 3.7500000000000000e+01 9.7500000000000000e+01
1747 2.5000000000000000e+01 2.5000000000000000e+00
1748 2.5000000000000000e+01 5.0000000000000000e+00
1749 2.5000000000000000e+01 7.5000000000000000e+00
1750 2.5000000000000000e+01 1.0000000000000000e+01
1751 2.5000000000000000e+01 1.2500000000000000e+01
1752 2.5000000000000000e+01 1.5000000000000000e+01
1753 2.5000000000000000e+01 1.7500000000000000e+01
1754 2.5000000000000000e+01 2.0000000000000000e+01
1755 2.5000000000000000e+01 2.2500000000000000e+01
1756 2.5000000000000000e+01 2.5000000000000000e+01
1757 2.5000000000000000e+01 2.7500000000000000e+01
1758 2.5000000000000000e+01 3.0000000000000000e+01
1759 2.5000000000000000e+01 3.2500000000000000e+01
1760 2.5000000000000000e+01 3.5000000000000000e+01
1761 2.5000000000000000e+01 3.7500000000000000e+01
1762 2.5000000000000000e+01 4.0000000000000000e+01
1763 2.5000000000000000e+01 4.2500000000000000e+01
1764 2.5000000000000000e+01 4.5000000000000000e+01
1765 2.5000000000000000e+01 4.7500000000000000e+01
1766 2.5000000000000000e+01 5.0000000000000000e+01
1767 2.5000000000000000e+01 5.2500000000000000e+01
1768 2.5000000000000000e+01 5.5000000000000000e+01
1769 2.5000000000000000e+01 5.7500000000000000e+01
1770 2.5000000000000000e+01 6.0000000000000000e+01
1771 2.5000000000000000e+01 6.2500000000000000e+01
1772 2.5000000000000000e+01 6.5000000000000000e+01
1773 2.5000000000000000e+01 6.7500000000000000e+01
1774 2.5000000000000000e+01 7.0000000000000000e+01
1775 2.5000000000000000e+01 7.2500000000000000e+01
1776 2.5000000000000000e+01 7.5000000000000000e+01
1777 2.5000000000000000e+01 7.7500000000000000e+01
1778 2.5000000000000000e+01 8.0000000000000000e+01
1779 2.5000000000000000e+01 8.2500000000000000e+01
1780 2.5000000000000000e+01 8.5000000000000000e+01
1781 2.5000000000000000e+01 8.7500000000000000e+01
1782 2.5000000000000000e+01 9.0000000000000000e+01
1783 2.5000000000000000e+01 9.2500000000000000e+01
1784 2.5000000000000000e+01 9.5000000000000000e+01
1785 2.5000000000000000e+01 9.7500000000000000e+01
1786 1.2500000000000000e+01 2.5000000000000000e+00
1787 1.2500000000000000e+01 5.0000000000000000e+00
1788 1.2500000000000000e+01 7.5000000000000000e+00
1789 1.2500000000000000e+01 1.0000000000000000e+01
1790 1.2500000000000000e+01 1.2500000000000000e+01
1791 1.2500000000000000e+01 1.5000000000000000e+01
1792 1.2500000000000000e+01 1.7500000000000000e+01
1793 1.2500000000000000e+01 2.0000000000000000e+01
1794 1.2500000000000000e+01 2.2500000000000000e+01
1795 1.2500000000000000e+01 2.5000000000000000e+01
1796 1.2500000000000000e+01 2.7500000000000000e+01
1797 1.2500000000000000e+01 3.0000000000000000e+01
1798 1.2500000000000000e+01 3.2500000000000000e+01
1799 1.2500000000000000e+01 3.5000000000000000e+01
1800 1.2500000000000000e+01 3.7500000000000000e+01
1801 1.2500000000000000e+01 4.0000000000000000e+01
1802 1.2500000000000000e+01 4.2500000000000000e+01
1803 1.2500000000000000e+01 4.5000000000000000e+01
1804 1.2500000000000000e+01 4.7500000000000000e+01
1805 1.2500000000000000e+01 5.0000000000000000e+01
1806 1.2500000000000000e+01 5.2500000000000000e+01
1807 1.2500000000000000e+01 5.5000000000000000e+01
1808 1.2500000000000000e+01 5.7500000000000000e+01
1809 1.2500000000000000e+01 6.0000000000000000e+01
1810 1.2500000000000000e+01 6.2500000000000000e+01
1811 1.2500000000000000e+01 6.5000000000000000e+01
1812 1.2500000000000000e+01 6.7500000000000000e+01
1813 1.2500000000000000e+01 7.0000000000000000e+01
1814 1.2500000000000000e+01 7.2500000000000000e+01
1815 1.2500000000000000e+01 7.5000000000000000e+01
1816 1.2500000000000000e+01 7.7500000000000000e+01
1817 1.2500000000000000e+01 8.0000000000000000e+01
1818 1.2500000000000000e+01 8.2500000000000000e+01
1819 1.2500000000000000e+01 8.5000000000000000e+01
1820 1.2500000000000000e+01 8.7500000000000000e+01
1821 1.2500000000000000e+01 9.0000000000000000e+01
1822 1.2500000000000000e+01 9.2500000000000000e+01
1823 1.2500000000000000e+01 9.5000000000000000e+01
1824 1.2500000000000000e+01 9.7500000000000000e+01
1825 1.7493641662597656e+02 9.7770339965820312e+01
1826 1.7632028198242188e+02 2.3934883117675781e+01
1827 1.7614065551757812e+02 2.5909070968627930e+01
1828 1.7607676696777344e+02 2.8301460266113281e+01
1829 1.7605944824218750e+02 3.0777219772338867e+01
1830 1.7605528259277344e+02 3.3271633148193359e+01
1831 1.7605433654785156e+02 3.5770359039306641e+01
1832 1.7605413818359375e+02 3.8270076751708984e+01
1833 1.7605410766601562e+02 4.0770015716552734e+01
1834 1.7605409240722656e+02 4.3270004272460938e+01
1835 1.7605409240722656e+02 4.5770000457763672e+01
1836 1.7605409240722656e+02 4.8270000457763672e+01
1837 1.7605409240722656e+02 5.0770000457763672e+01
1838 1.7605409240722656e+02 5.3270000457763672e+01
1839 1.7605409240722656e+02 5.5770000457763672e+01
1840 1.7605409240722656e+02 5.8270000457763672e+01
1841 1.7605409240722656e+02 6.0770000457763672e+01
1842 1.7605409240722656e+02 6.3270000457763672e+01
1843 1.7605409240722656e+02 6.5769996643066406e+01
1844 1.7605409240722656e+02 6.8269996643066406e+01
1845 1.7605409240722656e+02 7.0769996643066406e+01
1846 1.7605409240722656e+02 7.3269996643066406e+01
1847 1.7605409240722656e+02 7.5769996643066406e+01
1848 1.7605409240722656e+02 7.8269996643066406e+01
1849 1.7605409240722656e+02 8.0769996643066406e+01
1850 1.7605409240722656e+02 8.3269996643066406e+01
1851 1.7605409240722656e+02 8.5769996643066406e+01
1852 1.7605409240722656e+02 8.8269996643066406e+01
1853 1.7605409240722656e+02 9.0769996643066406e+01
1854 1.7602297973632812e+02 9.3242996215820312e+01
1855 1.7581407165527344e+02 9.5591850280761719e+01
1856 1.7421766662597656e+02 2.4349252700805664e+01
1857 1.7402902221679688e+02 2.6686521530151367e+01
1858 1.7398298645019531e+02 2.9136211395263672e+01
1859 1.7397152709960938e+02 3.1622581481933594e+01
1860 1.7396873474121094e+02 3.4119110107421875e+01
1861 1.7396807861328125e+02 3.6618259429931641e+01
1862 1.7396792602539062e+02 3.9118061065673828e+01
1863 1.7396789550781250e+02 4.1618011474609375e+01
1864 1.7396788024902344e+02 4.4118003845214844e+01
1865 1.7396788024902344e+02 4.6618000030517578e+01
1866 1.7396788024902344e+02 4.9118000030517578e+01
1867 1.7396788024902344e+02 5.1618000030517578e+01
1868 1.7396788024902344e+02 5.4118000030517578e+01
1869 1.7396788024902344e+02 5.6618000030517578e+01
1870 1.7396788024902344e+02 5.9118000030517578e+01
1871 1.7396788024902344e+02 6.1618000030517578e+01
1872 1.7396788024902344e+02 6.4117996215820312e+01
1873 1.7396788024902344e+02 6.6617996215820312e+01
1874 1.7396788024902344e+02 6.9117996215820312e+01
1875 1.7396788024902344e+02 7.1617996215820312e+01
1876 1.7396788024902344e+02 7.4117996215820312e+01
1877 1.7396788024902344e+02 7.6617996215820312e+01
1878 1.7396788024902344e+02 7.9117996215820312e+01
1879 1.7396788024902344e+02 8.1617996215820312e+01
1880 1.7396788024902344e+02 8.4117996215820312e+01
1881 1.7396788024902344e+02 8.6617996215820312e+01
1882 1.7396788024902344e+02 8.9117996215820312e+01
1883 1.7395825195312500e+02 9.1609642028808594e+01
1884 1.7387763977050781e+02 9.3992568969726562e+01
1885 1.7367562866210938e+02 9.5970954895019531e+01
1886 1.7508966064453125e+02 2.2214021682739258e+01
